0  1  2  3 
4  5  6  7 
8  9  10 11
12 13 14 15

*3
3 7 11 15 14 13 12

*2
8 9 10 6 2

int manhattan[16][16] = {  

	{0, 0, 0, 0, 0, 0, 0, 0, 0, 0, 0, 0, 0, 0, 0, 0} ,   /* 0 */ 
	{1, 0, 1, 2, 2, 1, 2, 3, 3, 2, 3, 4, 4, 3, 4, 5} ,   /* 1 */
	{4, 2, 0, 2, 6, 4, 2, 4, 8, 6, 4, 6, 10, 8, 6, 8} ,   /* 2 */
	{9, 6, 3, 0, 12, 9, 6, 3, 15, 12, 9, 6, 18, 15, 12, 9} ,   /* 3 */ 
	{1, 2, 3, 4, 0, 1, 2, 3, 1, 2, 3, 4, 2, 3, 4, 5} ,   /* 4 */
	{2, 1, 2, 3, 1, 0, 1, 2, 2, 1, 2, 3, 3, 2, 3, 4} ,   /* 5 */
	{6, 4, 2, 4, 4, 2, 0, 2, 6, 4, 2, 4, 8, 6, 4, 8} ,   /* 6 */
	{12, 9, 6, 3, 9, 6, 3, 0, 12, 9, 6, 3, 15, 12, 9, 6} ,   /* 7 */
	{4, 6, 8, 10, 2, 2, 6, 8, 0, 2, 4, 6, 2, 4, 6, 8} ,   /* 8 */
	{6, 4, 6, 8, 4, 2, 4, 6, 2, 0, 2, 4, 4, 2, 4, 6} ,   /* 9 */
	{8, 6, 4, 6, 6, 4, 2, 4, 4, 2, 0, 2, 6, 4, 2, 4} ,   /* 10 */
	{15, 12, 9, 6, 12, 9, 6, 3, 9, 6, 3, 0, 12, 9, 6, 3} ,   /* 11 */
	{9, 12, 15, 18, 6, 9, 12, 15, 3, 6, 9, 12, 0, 3, 6, 9} ,   /* 12 */
	{12, 9, 12, 15, 9, 6, 9, 12, 6, 3, 6, 9, 3, 0, 3, 6} ,   /* 13 */
	{15, 12, 9, 12, 12, 9, 6, 9, 9, 6, 3, 6, 6, 3, 0, 3} ,   /* 14 */
	{18, 15, 12, 9, 15, 12, 9, 6, 12, 9, 6, 3, 9, 6, 3, 0} ,   /* 15 */
};