4 5 1 23 21 13 2 10 18 17 15 7 0 9 3 14 11 12 19 8 6 20 24 22 16
24 8 14 5 16 4 13 6 22 19 1 10 9 12 3 0 18 21 20 23 15 17 11 7 2
7 6 3 22 15 19 21 2 13 0 8 10 9 4 18 16 11 24 5 12 17 1 23 14 20
24 11 18 7 3 17 5 1 23 15 21 8 2 4 19 14 0 16 22 6 9 13 20 12 10
14 24 18 12 22 15 5 1 23 11 6 19 10 13 7 0 3 9 4 17 2 21 16 20 8
3 17 9 8 24 1 11 12 14 0 5 4 22 13 16 21 15 6 7 10 20 23 2 18 19
22 21 15 3 14 13 9 19 24 23 16 0 7 10 18 4 11 20 8 2 1 6 5 17 12
9 19 8 20 2 3 14 1 24 6 13 18 7 10 17 5 22 12 21 16 15 0 23 11 4
17 15 7 12 8 3 4 9 21 5 16 6 19 20 1 22 24 18 11 14 23 10 2 13 0
10 3 6 13 1 2 20 14 18 11 15 7 5 12 9 24 17 22 4 8 21 23 19 16 0
8 19 7 16 12 2 13 22 14 9 11 5 6 3 18 24 0 15 10 23 1 20 4 17 21
19 20 12 21 7 0 16 10 5 9 14 23 3 11 4 2 6 1 8 15 17 13 22 24 18
1 12 18 13 17 15 3 7 20 0 19 24 6 5 21 11 2 8 9 16 22 10 4 23 14
11 22 6 21 8 13 20 23 0 2 15 7 12 18 16 3 1 17 5 4 9 14 24 10 19
5 18 3 21 22 17 13 24 0 7 15 14 11 2 9 10 1 8 6 16 19 4 20 23 12
2 10 24 11 22 19 0 3 8 17 15 16 6 4 23 20 18 7 9 14 13 5 12 1 21
2 10 1 7 16 9 0 6 12 11 3 18 22 4 13 24 20 15 8 14 21 23 17 19 5
23 22 5 3 9 6 18 15 10 2 21 13 19 12 20 7 0 1 16 24 17 4 14 8 11
10 3 24 12 0 7 8 11 14 21 22 23 2 1 9 17 18 6 20 4 13 15 5 19 16
16 24 3 14 5 18 7 6 4 2 0 15 8 10 20 13 19 9 21 11 17 12 22 23 1
2 17 4 13 7 12 10 3 0 16 21 24 8 5 18 20 15 19 14 9 22 11 6 1 23
13 19 9 10 14 15 23 21 24 16 12 11 0 5 22 20 4 18 3 1 6 2 7 17 8
16 6 20 18 23 19 7 11 13 17 12 9 1 24 3 22 2 21 10 4 8 15 14 5 0
7 4 19 12 16 20 15 23 8 10 1 18 2 17 14 24 9 5 0 21 6 3 11 13 22
8 12 18 3 2 11 10 22 24 17 1 13 23 4 20 16 6 15 9 21 19 5 14 0 7
9 7 16 18 12 1 23 8 22 0 6 19 4 13 2 24 11 15 21 17 20 3 10 14 5
1 16 10 14 17 13 0 3 5 7 4 15 19 2 21 9 23 8 12 6 11 24 22 20 18
21 11 10 4 16 6 13 24 7 14 1 20 9 17 0 15 2 5 8 22 3 12 18 19 23
2 22 21 0 23 8 14 20 12 7 16 11 3 5 1 15 4 9 24 10 13 6 19 17 18
2 21 3 7 0 8 5 14 18 6 12 11 23 20 10 15 17 4 9 16 13 19 24 22 1
23 1 12 6 16 2 20 10 21 18 14 13 17 19 22 0 15 24 3 7 4 8 5 9 11
