16.01768445400047 3.8188136252526284 -1
6.293396616599727 3.882587157176176 1
18.89443117797753 15.899470147813489 -1
17.43269724111673 0.1340136619134591 -1
0.9262712514575733 19.098149042012746 -1
1.6695062183514664 6.51071237999874 1
19.677663086078333 19.231405368531036 -1
10.867322404998427 16.926156570294946 -1
16.298709477790304 3.6026444928088086 -1
2.2768382553278554 9.781896702354357 1
12.467111531930602 5.057670312744351 1
10.322186111793263 12.065536020429889 1
15.247622434226233 6.176515245302879 1
1.5735462131458111 15.09652491128229 1
3.380351538134465 11.356063971819871 1
18.692853239091868 3.5903000889417513 -1
6.96630528436613 2.5262725472003544 1
7.908884151270666 10.512089379184669 1
16.60057876875694 12.856063922905259 -1
8.972525977289932 1.6174670807686709 1
7.710645529036366 2.043251409669027 1
6.562563450058554 5.627546746749323 1
1.1892196204255456 16.646144836560588 -1
17.75685461370084 18.66246087748869 -1
2.3682038579768716 9.402749980035418 1
1.4532961173664383 4.857568098530924 1
6.962260821780147 12.59677143513644 1
2.519500163800805 9.012608274274461 1
14.817577459832478 12.267907213899536 1
5.969658154212363 11.674807497312777 1
10.133428855642384 12.427189818072195 1
14.611571508494347 12.232710244842444 1
10.281171820723287 11.426439968873634 1
17.376385691848753 1.3983105396220585 -1
14.427336479746165 16.244142634909867 -1
4.93806960556022 0.8808188178002241 1
17.874507116175426 14.688369061306679 -1
14.249242317114593 5.106194206020119 1
18.365726511377012 10.38063336330131 -1
4.264452940503773 17.512348640092373 -1
6.555178223142084 0.8728516829099031 1
1.391570149417638 12.250714751157437 1
4.429935963216504 5.362865023792462 1
5.106459020150003 11.050638072636332 1
12.674604738697388 5.212255232074712 1
11.685658764875768 4.553857738435512 1
10.802705480333284 7.833475757441876 1
17.156301885656138 7.6020938112319065 -1
2.33568302858727 2.5015901058099765 1
19.332053024630532 18.761567411300064 -1
11.392459698814232 5.259200919393939 1
13.198369570430376 15.794038497195864 -1
16.75947415902247 9.321428609474546 -1
3.929923621060749 0.8347448866479046 1
14.843185115105008 7.251081283243379 1
7.467551165390374 11.713392181561339 1
13.864051208791945 11.662437514009987 1
9.851629594547868 19.155139961964057 -1
18.23302467905426 12.325347754369584 -1
13.403314585827452 13.524302189910358 1
4.258628341187745 9.279641732094625 1
10.364594101323581 9.32425752800955 1
16.164723001299663 13.933101442019192 -1
12.752660977019879 0.8428601492946153 1
4.856096175900831 13.10455632867869 1
10.953618363714595 8.133408892106168 1
10.951037066653402 4.5869223195361215 1
12.975082366290803 18.947019681231524 -1
18.307094632064086 17.043300015984855 -1
11.296762682907303 19.28303123901275 -1
14.598247387206452 1.9125218952505252 1
14.902644475340644 12.899845624615269 1
11.458741077079415 10.488820046864998 1
10.347915124210525 18.42939793484707 -1
18.29088672198352 5.4535720803443954 -1
17.608323237700542 1.66421857433108 -1
11.041140929091643 2.8753564087470895 1
3.979174817788056 10.136846030291817 1
10.080816081461561 18.057835063936963 -1
12.435717084148227 7.28711770179701 1
19.784810617686734 16.60326465223854 -1
9.63617570024564 14.31365007603793 1
6.48377035919018 10.67271043746513 1
3.1432613057587244 19.231612050720784 -1
1.1721282787596343 9.662326001678004 1
17.45947212661449 4.709657132809745 -1
8.686500477606128 14.378339428774831 1
14.1160699846984 18.934678654936025 -1
6.025947005512487 14.281669297108387 1
12.32511918166166 7.053821476656783 1
19.067636327431217 8.486376080499316 -1
13.598530163306968 14.66897692654735 1
19.13848826670271 2.934428497579833 -1
16.25756032838438 9.409751348659146 -1
18.735393960478838 18.532561507849902 -1
3.900770910355331 1.7867034727014919 1
9.143647184857805 18.025261338336755 -1
5.667961034071447 2.327401332348251 1
11.785256232641466 2.9912195640570927 1
15.532137170430346 8.423652467877236 1
9.835826242495159 6.588854808948641 1
2.8711026509165394 11.369030903628472 1
6.980746035547696 12.539803343065064 1
7.214787628067294 11.741604100883592 1
6.138431344237773 6.327543193950255 1
6.333967293951144 9.587556329002105 1
12.56042235674247 10.701613380914822 1
18.73054811170882 14.787169650725998 -1
2.925148441992056 14.3161585315982 1
9.109137679036696 2.5354195861271056 1
4.874220840076388 9.694816240360984 1
8.55413783196026 19.045215859541692 -1
19.897130031718568 14.702247427948013 -1
19.906135362114668 3.382100737451932 -1
16.55226685098363 0.3158865753316431 -1
13.225900724278127 12.764997603798795 1
0.7192140502985533 6.729771250638194 1
6.253823577628355 0.7183954938060033 1
14.909281675253084 19.685597932509197 -1
10.417162319805488 0.13711303829841315 1
9.618300755736986 19.41441723208604 -1
4.207000054466081 6.625590210142958 1
6.287710601030234 5.6856864297229155 1
12.641339795131145 1.3994237742309679 1
13.647013546471886 4.198647490259613 1
4.050304070188606 17.587648450723016 -1
7.042698430037695 11.914315399651723 1
3.5639266677675208 18.950045772164177 -1
13.815767663903006 1.9146085793475809 1
6.45256386694852 5.824543899129027 1
6.87203207804351 1.9884620092841176 1
13.86448202329838 9.545552468132641 1
13.296371094781886 5.383027237386758 1
8.524704964574061 3.624861051971533 1
15.194182516087672 7.021353496598892 1
18.603743803840402 7.6625040093450725 -1
15.900286236936322 3.976219562529002 -1
4.234353093817451 8.255785805690355 1
6.27756526546118 15.10307656811097 1
3.0489991730134403 10.10043204773859 1
13.034671727588078 1.473331089368679 1
8.630248559949807 0.028617359086045013 1
3.824145886495196 6.612486853687938 1
8.910824185494645 16.904406335859886 -1
2.3393340408181684 3.535945278813575 1
0.32959875615695466 11.0979177295359 1
10.710519657932613 14.188540919200356 1
17.944333077920206 8.685304675687268 -1
6.2077137668681726 16.13217357158369 -1
1.7214991969749471 7.5724340308181155 1
14.589583095254511 11.189178478469437 1
14.868049558221442 5.4159135079546665 1
3.395025600007462 1.2373575152750549 1
1.3395404034880465 12.515911151603301 1
5.055928441884745 17.465875963970692 -1
16.55353132045081 16.780983523812214 -1
11.916686931432816 1.1395081850136024 1
7.856730861516303 2.415918806666053 1
3.0780819108890234 16.282001928977763 -1
19.438873424217903 19.15936624528001 -1
6.4401512427096534 7.677606702113637 1
10.155859493991649 14.698828928304067 1
8.40071725812653 1.20309529159341 1
2.119209695850477 19.3163537211555 -1
18.373275086745295 17.74089092175432 -1
2.9284208652038624 8.869051127751785 1
15.619956970808557 16.78718988980615 -1
5.067344495923134 9.884349520005218 1
11.852343941511796 1.3572531371701024 1
2.255232667591369 8.850669793668263 1
14.634902934223483 1.9033181299367952 1
14.4376368414893 6.7099962961452135 1
13.832881998218472 13.698874020379995 1
0.621866473584114 19.109590408474645 -1
16.17850662540832 9.50630691581223 -1
1.9062568596953566 3.145879914602261 1
1.486368039907786 7.333219286079428 1
15.822014895674116 12.134337010493192 -1
8.13091309693398 1.6960029623673845 1
17.500949823146016 1.3649424145058964 -1
15.105986793511502 6.0475211694757425 1
13.201929399254421 9.853608531674913 1
13.318399379408959 3.889045598395937 1
17.37342372038626 5.775720667659547 -1
9.724535378143349 6.574871055679368 1
5.6990419276240845 6.568734299739917 1
4.50103366825309 6.931309410001143 1
13.467488906346452 8.616546140984662 1
3.6476185540018435 19.550049970791793 -1
1.1279041366649833 5.979144928179492 1
17.252181138752558 10.97915256184912 -1
17.03607726000999 2.8068185962725756 -1
7.105244199020868 6.023219547012053 1
11.166564104110728 9.878984726840894 1
6.432978731634263 9.977581971905105 1
12.960259112348895 2.133488390879952 1
19.224960615257068 10.859598830798333 -1
1.496509691553467 1.1029927343914725 1
16.96490818043778 0.5634734119291918 -1
6.8233923753325705 13.850868706464404 1
6.529644856977526 19.353252377627005 -1
7.549299765213302 8.299776270208998 1
4.603587685772124 4.221961434702354 1
11.693518409764676 13.771900895502068 1
1.1630781690070924 8.383116939536691 1
5.3130093243723575 5.110602169843794 1
7.4169089745380345 16.524128110550937 -1
6.567137721648901 18.92900217029911 -1
2.046429499216178 8.439385781500393 1
11.651617045067134 1.3318300486344437 1
13.670646854725685 2.2741193322203435 1
3.4274879224541 17.88261688708801 -1
7.168769613651731 17.848382552173142 -1
13.590453092302548 8.639114694773593 1
16.824664278578133 0.39380560072553417 -1
4.8704479532711105 3.7555993088160666 1
10.214747358016636 15.524044490116369 1
11.020840029718073 8.451497317045646 1
13.342836001416867 7.373119776519335 1
19.251191753289863 0.07154924822865949 -1
19.732544782547368 3.5741434637793357 -1
2.277045723050608 14.513519752078652 1
4.019819362349497 13.11419064575714 1
5.304724760320627 14.475229517935897 1
4.045244909169359 16.089366861513 -1
7.03867734103421 7.773476736972194 1
4.527797509330089 7.9974031468713065 1
3.1934158439635474 0.4131891222626072 1
10.108728112921828 15.443385190768948 1
6.011639373394884 6.135937818946202 1
15.88631480310706 4.997507236477641 -1
13.934660592347761 11.852713517978197 1
9.519231045543126 2.4320321280490176 1
1.8407801502205334 16.666660713394997 -1
10.558335235958774 5.677897746165394 1
14.161795854613166 1.1172334782984006 1
9.873685414312916 11.579719855444797 1
10.707353805677823 2.828025744840581 1
14.875646728995665 3.891196000878294 1
18.171388496045942 14.916311652081326 -1
14.685966520728632 7.9412161703906285 1
19.064421425297976 4.323105284554001 -1
13.496734544336775 6.014254209333496 1
4.21003003995825 8.648335223366015 1
0.06217557763514847 6.726906055457674 1
4.963316978698787 12.12651078334906 1
6.600251295299477 11.545708479802808 1
6.953755533863171 4.05403838253582 1
1.3380787058393095 2.0796694102191537 1
8.424302223999646 6.280123415701809 1
15.51720843003805 2.8942063890862735 1
3.1332154828147574 0.29897958698777094 1
7.881830354118526 16.331487946259497 -1
0.3045354407388734 9.031847506432939 1
17.50501205240991 18.185432424805022 -1
2.25772380682421 13.563100153810874 1
9.265103596620321 6.067921739042614 1
4.11648160481718 10.895505720116807 1
15.366469892656065 5.916056781808681 1
19.391309324117504 5.2154854370642 -1
1.0057549025503443 6.328562924282403 1
10.24988573303268 12.209999538234937 1
12.61689452684883 5.2827369423003105 1
11.933892972087467 3.6524591554712393 1
3.0851474712735127 19.27161075782101 -1
7.0504338814875345 7.775865478131863 1
9.902426826472723 1.0142860465800863 1
7.360717224624331 9.877130185970394 1
9.443256108365825 18.630672993460514 -1
18.208233211186275 7.147345959431172 -1
3.3727045880799533 6.535148063835092 1
13.873151854828716 1.8985213458568473 1
11.654680864985336 6.291937052695564 1
0.9092271114441242 8.158106911097358 1
10.711003751653527 14.288290044586148 1
10.914004140918784 18.028401714129842 -1
4.9886952473204875 2.319821156198958 1
4.202676049367248 6.258716405441347 1
15.524972836282611 17.045646248812663 -1
1.500450958813031 4.153950077629629 1
10.056450705054626 14.759242185485235 1
12.037829821778043 7.244022223708207 1
5.801089640910919 9.034237693399852 1
13.327730544955172 15.064373883798766 1
8.248465440779096 0.5426138718713513 1
0.42291219209262376 15.948544278672617 -1
7.125962775913715 0.7060868627565409 1
0.5967022831542779 4.9096051761759485 1
14.165521484467893 13.829713422263932 1
3.1595431414887654 18.488009517079384 -1
16.377606328206145 5.980058725840065 -1
3.518416322320188 6.869207580211814 1
13.246093753609557 3.108527049648413 1
5.6057323828585055 0.6251531249700015 1
6.589805010232075 5.783750336633926 1
7.448804508111135 7.109605533713674 1
17.79343966246924 3.3852126668211224 -1
10.920553720664358 9.837917384022868 1
18.692706887221224 16.723553157768936 -1
8.60662683578144 3.107776833054372 1
19.605469573809522 14.791296320715723 -1
8.24364031269273 13.66816023003081 1
0.8327561156806174 18.711014705670255 -1
18.327792208815204 1.4195180503245286 -1
2.4105256134617026 3.9362300460406163 1
17.262615930253062 11.929015739491149 -1
0.975097572101693 0.3736258920952329 1
2.8091836873202936 14.970420167273025 1
2.3121958465986014 9.333436507263833 1
8.621592885084775 5.349011591886277 1
3.4915811530451513 6.078152762829041 1
0.2951089479195579 4.947671282783988 1
9.446284928601322 17.227964680394933 -1
4.623857828996627 8.231090054966664 1
5.437481383319154 13.394648098111318 1
2.6595033078928854 17.370815842119715 -1
9.0530680803594 19.153881496565614 -1
9.681871475140579 17.704637391602677 -1
13.22006473277293 14.829255466084728 1
13.337009462574162 9.419593354153866 1
5.167952928163853 7.549526232055948 1
4.9677107485137695 17.148661529994587 -1
5.36213085824587 2.653942236919953 1
18.556058159512883 5.596982617557296 -1
15.13367620704416 10.758750331593745 1
6.717072113021716 16.36423526377094 -1
12.063643332881988 0.66127876826795 1
13.827080365903733 8.805575763265361 1
8.137156440441647 13.746266916376609 1
12.63996592380084 16.074330667661545 -1
7.264586063127856 11.672392372078626 1
12.638963678899858 16.415406793084568 -1
5.974131830244433 15.855239667189899 -1
5.8912251714933905 9.329176151378341 1
13.912163786844483 14.626218488843122 1
9.316892625021433 16.40136234903447 -1
9.244704917111285 1.9352322048263382 1
11.053954145836169 17.395248277333796 -1
8.135472571050064 10.07817902040337 1
12.994689323565504 3.6282929857833635 1
17.182921307958605 8.168640952657935 -1
1.589039640198009 2.706038854538342 1
13.030767792432378 17.93640592604943 -1
14.65477583180051 1.3619617704820364 1
14.323505967688755 8.923743481413622 1
3.203853353671293 6.452709285294911 1
17.760450303741326 16.263640778106236 -1
14.188897147604823 18.083939094622536 -1
2.208883030929558 15.962480403630124 -1
2.5932685593873073 3.3927650774399387 1
2.6689008023978134 14.97293210702062 1
19.432714415415386 14.688586333679098 -1
19.33960426999085 6.331099688585535 -1
16.00611656641684 11.454872780549996 -1
16.118283849487515 3.2452581029064254 -1
14.127402989809042 2.140238282239486 1
17.5713096416105 0.2617869786128413 -1
17.09020470282133 18.71794257310874 -1
13.74744544599967 14.497195758500395 1
16.761376376476715 14.668717016605871 -1
8.161347283869972 15.413407648358962 1
8.469029542854646 15.342606656668767 1
15.85703768441996 17.72676506356804 -1
17.24526310532091 8.58130395088568 -1
15.668176236840281 8.779483442828509 -1
6.503297122102736 3.0332126606894505 1
3.6239805244577306 9.065574551118589 1
3.373259492587557 1.76928828442511 1
2.9066764271177004 2.5915349492074613 1
13.690390867107089 19.608458786818407 -1
19.848400618515935 2.3653841394811237 -1
14.02398579379755 13.987222033872925 1
15.162493213123662 15.54590335057443 -1
18.154895555992123 1.258801072168465 -1
4.936163941206599 2.6472248326345493 1
1.053967363284507 12.983005361156792 1
16.868539392200468 5.682190614110139 -1
4.683317291584313 10.068748026463673 1
3.820128588463465 11.241185709413832 1
6.836869365185343 16.556926579206888 -1
18.94678151934237 16.24143141290112 -1
6.756116595228412 19.38217704591982 -1
4.52324329223975 16.445003740671613 -1
9.401607992794741 5.627781589790414 1
0.01843269353565047 0.8321280363329442 1
14.030175976337002 14.588788901814171 1
14.066617569307846 8.529575060656319 1
12.122463313863003 8.384199966512305 1
9.685678512535587 9.23227186997008 1
14.724839798492795 11.9098348556216 1
2.4256877090443574 2.919516824186539 1
19.91431923194577 0.5992999041483582 -1
7.088065057576505 0.15547450427910503 1
17.364637217315476 2.7612322516369536 -1
10.237600793427024 0.3769011071034467 1
8.8861555323735 12.186798800331273 1
12.936663240878993 12.309338460591714 1
1.331822881668694 16.27220000971696 -1
0.9629479576726863 18.016290726639063 -1
1.4059173539375758 15.076703925930005 1
18.22914895727495 10.07418537825773 -1
10.681857349289825 17.537536276560846 -1
3.2049671475919084 9.979193521798935 1
3.529883925617059 12.488707118922244 1
17.848909349501003 5.130272992489169 -1
10.67494805033824 4.1816626546172175 1
13.889339876566819 1.5960722719660847 1
6.749670701128099 14.681410789321134 1
2.251313883422894 0.36162277015901356 1
11.476784521862086 8.812562482442793 1
18.007711327936168 5.864021280395084 -1
1.009973766609753 11.25550872292113 1
5.440262777915583 7.364584317649394 1
8.481585915458584 19.943734754379893 -1
5.628053388310947 16.068249334000516 -1
10.950200936029464 15.089047928342845 1
12.438148058394587 13.889260365163727 1
13.710587795605392 18.96229368657568 -1
11.875001596732297 13.37547872500425 1
12.32309855863354 17.9828921839212 -1
14.45234529215291 2.541917994562699 1
17.739093234483786 15.721332089943019 -1
10.583284850137002 13.22740049288053 1
10.54350697913178 3.094519638392774 1
4.941363078860448 7.076511852289626 1
6.605214475713142 10.334679600167183 1
17.327377806960996 19.362296913267855 -1
8.320368725114431 4.238273184775709 1
14.783779530251156 17.60344426938697 -1
3.153427639620061 13.752180332857618 1
2.530497958590059 19.29296766699638 -1
14.325112974658987 7.130191640061357 1
9.75308253055357 11.043685198948943 1
7.266069275659022 4.693606857845857 1
0.3560732871745609 0.06907712339906613 1
9.849541719729569 12.655547155633528 1
18.501544948840948 8.156378830162936 -1
14.435893211294388 5.519349812878365 1
4.084806204807774 8.152052167509602 1
15.406343711523842 7.237208993419111 1
4.256259194448903 3.4680620244588845 1
17.132821122320642 4.615992749136413 -1
3.6804592455497565 2.2306526246752734 1
4.225359964242401 10.382966394254902 1
18.430452302858665 19.431620389837995 -1
18.418006018988706 17.874910783773743 -1
6.247482393843455 12.80534058294393 1
14.598725264307877 14.489930226439576 1
19.353212946739706 1.1431016254703485 -1
12.258333579253325 6.842005781147948 1
5.083617504583049 7.369573497973915 1
18.02801318679901 16.98413854136346 -1
4.320747536236311 12.944519850248188 1
9.994490507287441 16.116715296831792 -1
8.030591800765727 5.016148423907323 1
5.126507128975993 9.87349421784685 1
8.172297548249873 3.240769504303178 1
17.4157202292185 17.57840934718495 -1
0.8260366490450055 9.296717039549069 1
16.229723819580993 16.792155202719638 -1
6.593839272115045 8.858771957349962 1
11.894394955221003 14.018307023165962 1
6.1597509006857365 13.162598366257303 1
8.667313154894725 12.614506870377467 1
7.352690511829303 15.276991741292541 1
14.033525164978384 19.75503341866417 -1
4.137432928298363 14.815022406944305 1
17.649460373198124 5.716840138091004 -1
17.666152137756587 14.053430192759848 -1
13.2803353966368 0.8119499351127435 1
4.855011821723487 8.292913274165173 1
12.72091516367804 7.964855174048832 1
0.90730679279039 3.7802353601579575 1
11.95902873736851 2.2343675548148823 1
8.786696360014602 17.62635293430884 -1
16.73577327439117 2.505127298920742 -1
0.8511019008389464 5.893049222938728 1
17.1758648723539 15.124788214684857 -1
15.689871179808838 8.383841735460955 -1
19.306132980151002 4.438645828213598 -1
16.663840027675878 11.663210961104776 -1
15.049679007682936 0.9742807435921508 1
7.729962780347082 15.441479709617758 1
1.677757488381575 14.45456171114854 1
16.839200910798375 1.7009520748001083 -1
6.720965182880749 15.868128001348458 -1
17.528402550259077 10.802204337341713 -1
14.985858938280332 10.50226678327222 1
5.283927000021372 4.2977013469482905 1
10.592646967221222 2.1438667326986116 1
16.836809307363353 0.2931925232722832 -1
18.844139392670627 7.579923948241918 -1
17.75628386143952 3.935621888730767 -1
0.25566605907914486 0.07984381034498167 1
6.540517195493026 2.969568580058677 1
12.220206117013813 0.7175798976823788 1
11.860437866309908 16.29251688731867 -1
12.552506269055183 17.192414403679905 -1
13.69457575093403 12.052534164766673 1
13.550488647346166 11.232982813797994 1
18.799859984289903 11.070216013849617 -1
5.231786833391201 17.71991096266213 -1
6.295345747312742 1.2300448289909416 1
12.047783733295581 1.338229958115691 1
10.092891695083742 8.974575385772408 1
8.647040303236098 19.871500357873167 -1
1.4908124161130543 5.148163282828091 1
17.154554018815567 7.175370124239562 -1
17.453592417756745 4.175211833236309 -1
0.952807615175153 13.419062983572726 1
7.932749337414653 7.921209712605128 1
18.095097755106426 5.359085708980915 -1
9.04099538206238 8.57310302254331 1
1.2511719960823542 15.210210419731087 1
7.973848786579736 18.488837017344395 -1
10.479727478301687 13.104581912942265 1
10.27989894063331 19.20416897093358 -1
0.14185819823260948 5.180574416776267 1
10.412951086421803 16.64815413508028 -1
11.914071519122576 7.01880320555893 1
2.4563102626036404 15.106967250780645 1
12.129019760814632 10.4434842460687 1
9.491491879827652 18.58902308883458 -1
13.566629273532865 10.633106204804468 1
17.290680477454046 14.982624421012218 -1
19.337840644769734 10.03516711699222 -1
10.844296445099113 15.760656350632908 -1
19.64769991304975 5.755513129877199 -1
10.692040610054827 11.975128086217776 1
0.9940776623876713 17.893584382337366 -1
10.10784578043853 5.897634937962593 1
11.752819785079797 7.720670357714027 1
3.8961742464546845 6.90010674061881 1
8.119668409457002 6.6490431502489145 1
14.889136278275538 0.03347935448409167 1
0.02382028432026173 9.615635198567547 1
5.190948937377278 6.250218668118961 1
7.897522925762461 19.804691405053745 -1
5.798261143126218 14.32989095817578 1
8.080639210420564 5.5596200408525975 1
10.431928718916701 16.30527899276096 -1
7.1586376498067565 4.885040874600941 1
17.247836416763445 0.5497942295963587 -1
3.6770127411402487 8.115816235440219 1
5.551397058962917 9.675248087958526 1
9.444643784073106 5.130623511255957 1
3.7224017015405053 14.002301248735066 1
12.033165091955842 19.913419866059403 -1
19.263909479604404 5.604204925400436 -1
5.09891984502093 12.316919714704738 1
2.220909951984882 2.7877269159829776 1
13.7986255245502 4.557993547901913 1
19.171510081422277 10.363432595308561 -1
18.839396756396663 8.27568070399858 -1
6.575444919166172 7.170776672730417 1
14.598302143100636 6.908277609405493 1
9.471724812423822 9.061740622028303 1
4.266176766390184 7.696763944497544 1
14.349278084757646 2.9100327239263635 1
18.114924408417593 17.7975846502991 -1
13.471467644680661 5.2011472833196475 1
19.75708784169637 19.788615511037474 -1
12.017401136098 7.371865435488036 1
19.660994686697762 3.2778975364080587 -1
9.109978014849105 9.306050580640894 1
5.204308379068914 11.375517547920301 1
9.132651630625677 12.25689248162954 1
2.1933644882338243 3.464798416803405 1
10.69391660192962 2.954007641526173 1
4.045176883880137 19.009728001530156 -1
17.180559705353645 11.767112862032516 -1
1.7235609606950075 11.061353741176545 1
15.047745696058383 9.536251350360352 1
0.04031832703012217 2.6766404719297476 1
13.826041377372455 0.041837320846416226 1
14.076993150400614 4.639075859477737 1
15.282513930118844 8.07607039615185 1
3.2522088332646404 18.671083759647324 -1
18.255061373666276 16.690546310754925 -1
19.954156890678206 16.754093781291726 -1
10.386180419651403 11.433174232037935 1
4.677307283001342 14.22289089115965 1
8.314392377334208 4.250794202875419 1
10.246971854042023 1.9766520378612795 1
3.8385901852336857 15.222166601925595 1
3.9848702653172796 11.449860328525109 1
15.152594373559642 6.399286862414552 1
18.563363815830563 14.912063518709468 -1
9.454238137983692 8.773260900919965 1
19.81559073611457 13.216232441149899 -1
16.06534053538518 0.7442603805551662 -1
12.913228497259468 13.291245209549412 1
7.655939313811175 4.463352531281457 1
17.093167431385705 8.474815121012288 -1
11.248213779670643 5.0272825690679035 1
3.5088973370976184 6.208956891979442 1
0.38253086515216417 6.745578093296523 1
10.801944346514045 19.670866867178304 -1
15.160098198117531 0.5626018788789877 1
8.633227701842719 12.587870390547959 1
17.83373467168293 7.205489834836698 -1
10.683735527169665 19.785882694827958 -1
18.20029113286524 1.7421714585635595 -1
5.528447271335808 19.946594345069077 -1
15.25530235345794 16.971959254748302 -1
16.306968969306425 11.599390449567352 -1
19.402462634739738 5.434473163007638 -1
18.258873470563216 18.549778070459812 -1
2.967568120701096 12.810950055764856 1
16.961265916901738 6.746892600444479 -1
15.848583454300027 19.10526401280174 -1
19.500637535573812 11.018421419130917 -1
17.84053407491539 18.230271510863925 -1
15.830586821747508 7.152076440640132 -1
19.50594964486771 11.488369765597568 -1
8.211532445132377 2.4785158473297653 1
9.418616226760864 5.923444243121809 1
2.8980645752704204 16.411413911171838 -1
17.190429249021598 14.634656295629437 -1
10.134114753071694 1.3261365969216854 1
18.898169735890043 12.88080661932317 -1
6.035656723724934 13.709283066290535 1
14.359051846173763 11.16729614106294 1
13.085183576277773 5.687119985693279 1
14.160928343713104 4.495974832904253 1
14.731731167261072 7.8417268824782465 1
8.435071648115418 5.571462256476963 1
13.984759173678592 15.64944139632727 -1
9.066469798759512 8.995798436543554 1
15.909720481477386 13.926985155016835 -1
2.36862357904442 3.3465673732228485 1
19.577692268786176 16.34642601998157 -1
0.2068447788057992 8.521917396432768 1
6.290964875390874 0.38091503502442725 1
14.136102579928064 6.849178173746222 1
7.801021633779226 1.9689152461910675 1
19.326486920889028 18.192064365692843 -1
10.754868344609783 18.735431033546373 -1
2.8813881069102787 1.654729984184209 1
1.7502100445948154 15.78450928113064 -1
4.6105326716905175 9.469222272281508 1
1.149495335210018 13.878087049143172 1
17.402036762047928 12.266163293708182 -1
13.19738461867827 6.242019465782443 1
19.044671102606813 19.166771233102324 -1
15.005732626112756 17.29092543410933 -1
17.68357351974726 10.99761063614536 -1
17.614699276895955 4.239247150755608 -1
9.049655233213096 10.417745767509262 1
18.60813853005753 10.866720275125479 -1
5.185004338173503 8.861254397291358 1
7.655951748759353 11.632220364127246 1
1.5935951564476047 16.93632782825504 -1
3.8756081442819146 13.88073647621076 1
2.578670039180282 2.2854881067604893 1
17.049580760080666 16.064007662250315 -1
2.985159293815831 6.8997033285996885 1
13.504976900013695 10.696131372742917 1
8.647575421902722 14.49249745644922 1
11.856157195756772 12.19124084693201 1
7.550808693303099 7.778401276128335 1
13.83069129089825 1.7811271699356035 1
19.043313046526062 15.363392263355081 -1
11.043511119067498 14.386463703754158 1
9.39918995323618 18.443248109377805 -1
19.853665006153534 5.6160703547159585 -1
8.607705371572445 8.619011430279231 1
3.3326035228018402 10.994438295927589 1
15.47581332391026 19.877057092879124 -1
1.892453073865672 4.068514272007368 1
15.961294664995698 0.1445269067486299 -1
12.267279776214885 15.220530885835172 1
3.111133374583337 0.8191765750304425 1
8.309861495159458 8.814440269302397 1
16.061804819461607 6.285971236883383 -1
6.461023328883875 12.729302909179424 1
10.265168761432284 19.671028736324722 -1
3.7681278058774725 11.383748981170834 1
11.435694806348701 5.946815441603286 1
16.973835161572005 11.031430713017091 -1
11.671778037037864 8.990756224847496 1
7.465783042956293 4.408142372994288 1
17.785937584601893 5.312718692655272 -1
8.772367230923226 0.7370846980030366 1
19.085717457168464 13.905106667441249 -1
0.8093342774238055 6.649524688305169 1
4.679141069730031 9.032577270913864 1
18.226431672806264 3.753880698278149 -1
8.835608305254297 0.7666794569974833 1
18.97288489672869 9.387045750242109 -1
17.01514155181275 16.68399828974986 -1
13.595013564096385 8.50754541519452 1
4.885938051194117 17.384656310611184 -1
5.798817642222868 6.740909546093303 1
7.982193171353369 8.351322248652222 1
0.4549073685853422 17.26340560906873 -1
10.611217053433279 11.157144618418684 1
16.492669058402186 17.5110809331713 -1
19.200875050158118 8.14431736470111 -1
19.02510799605184 15.626833477424995 -1
7.4854230185706765 16.433258803143936 -1
17.565317826528652 11.10900341121274 -1
8.759849371833258 19.485675856553 -1
5.340079729426885 19.30077655037041 -1
3.8898473278411827 7.433058428373012 1
18.475612211972482 15.1604627366976 -1
12.84658619762748 10.995431403245583 1
13.225023667285091 18.178485309066186 -1
2.2424812561839302 18.053478557382988 -1
14.426562227141071 7.357719308059343 1
11.676183990874414 16.80042631335567 -1
19.0262742381653 2.849576543691874 -1
17.652055746208287 14.888364991069027 -1
4.7682224843912575 19.139030537123876 -1
15.42141310965671 0.09695403431706495 1
16.049948265172187 3.5975502762264067 -1
6.299865759222081 14.790753612086064 1
16.4603855293391 3.773692543248064 -1
10.847102449261524 13.794697043769846 1
10.661969537770057 16.966885896479205 -1
6.7525040415047926 3.30550154636571 1
7.048219824602149 6.430721938460843 1
14.352001113408717 17.070093054316835 -1
17.002596392534 19.977843532333793 -1
2.4086256422355445 15.300413392438333 1
6.603969641191161 18.80931046734474 -1
2.1212279942526835 11.65724495419889 1
12.268575110757926 17.067097643741725 -1
18.282873236665008 4.12397455105766 -1
3.087842831947436 5.909165372345411 1
13.092451719963567 6.704509650438899 1
19.51604618764999 9.832320963813814 -1
10.330083547859754 10.617820451431507 1
0.5812161122065707 17.5188725695838 -1
5.438908634482329 6.024882578070634 1
9.937328218165678 4.65885546230121 1
10.512904175550094 8.312068160682323 1
4.845277414585554 2.0004001252184422 1
12.272393668663241 16.568306336479814 -1
1.5647015368259853 18.30657996115147 -1
15.81593978430551 6.131635149527639 -1
15.658235688131958 4.947869729700976 -1
7.269350691872988 1.9440281140889248 1
16.354320975930957 6.53511688888508 -1
14.409561578928614 14.941668571560287 -1
10.384214579488365 0.29872125956461604 1
15.92317708669233 9.821133021308713 -1
2.603379134457846 5.845485866326479 1
7.1664970821407685 9.260209680106833 1
8.226967965902972 6.475393802751892 1
13.125880013637158 7.0353745657207645 1
14.653647286880085 3.4163428851448896 1
7.73432624483497 0.4662216574272704 1
9.621528860356317 5.135650174272371 1
12.78219776744044 1.2304268562167153 1
6.834519347509795 15.312922457493734 1
9.367016252165069 2.8311029470370763 1
10.216925337298342 5.1096687452314615 1
0.1593229467538082 12.861691243952592 1
3.5986787180310853 18.04681002430976 -1
11.71860779371347 18.701810638624313 -1
13.903085877113375 19.102027674870136 -1
2.675340987821848 6.390769916903302 1
12.803524013651248 3.564668706083285 1
5.8021906744360985 14.16372299988867 1
14.335058986122167 5.7367076038307925 1
19.82951705869761 14.498744371282173 -1
14.091463511759157 12.74404902476512 1
0.3172846638705451 1.5113604893687294 1
19.40767172541274 14.523234769045242 -1
17.97755395426073 14.146375001900841 -1
19.322218639854725 7.474398975099106 -1
17.54875198641211 9.855094195572676 -1
18.13375424048337 16.32209521782005 -1
0.654944004828597 18.309346472700945 -1
7.010250667975441 6.401409183521851 1
12.04037180426999 10.191966251885207 1
14.379050603652681 6.887537462155202 1
10.151542854028468 12.216695822146992 1
17.720438852443266 14.412809191814134 -1
10.246194602246453 6.268746553205915 1
16.90694797860339 16.06589588999913 -1
1.0404882677325622 7.920527550120995 1
2.3751395443540013 0.9437464744017121 1
14.36280816705577 7.565348386640849 1
0.18614218384055192 0.22755570174301631 1
11.364591680712358 16.02516381687915 -1
0.42574184364534196 7.179868249803485 1
18.54563113317476 5.726734603771593 -1
15.41437032332622 0.510684983134988 1
2.183321619500669 18.403834149722783 -1
9.841855123618581 7.236236354020303 1
10.712371897417839 0.771430837347471 1
16.21133049822242 14.454859302277077 -1
1.183511327477671 10.731046678467733 1
15.871243857738634 13.390193597234571 -1
18.13676634103101 8.404778731029692 -1
8.433915840737269 13.602705484966755 1
11.056910773750745 8.658751702863674 1
10.523645520622098 0.44631351074174264 1
0.0357227737661292 4.765046430091109 1
18.56689227173764 4.647685932732517 -1
8.34770926236821 16.464434099617982 -1
19.731582971724563 9.311552054495403 -1
15.353003482972378 9.93053034478172 1
0.1421339610897987 16.706152074976167 -1
3.473152846750327 1.9992523757213765 1
0.14130903078781953 14.858733937245113 1
18.942563404550828 16.515763795135836 -1
2.639554684076466 2.29178817055975 1
17.6203855970983 6.764349699858969 -1
12.487003147220047 8.156486606219124 1
4.3546697853793965 14.684964909803286 1
12.322848307793715 4.570576285423926 1
17.222632816188536 4.943468278660776 -1
3.5013407361342708 8.143763946062599 1
16.427933039808856 9.9108440070406 -1
19.463173471632295 8.474400830355094 -1
11.717856294394217 10.219983915913362 1
13.315569537344523 2.827066038460968 1
1.890368944546874 14.806898509107775 1
11.403899719060286 18.251420952290683 -1
5.293007298933579 14.206489886312468 1
10.302209248708266 5.078494786984871 1
11.172619841333402 1.3613178533807169 1
15.919542247196281 9.031337358918574 -1
18.316996808362575 5.315056051586695 -1
0.3135038727312889 13.112761742364313 1
9.636459313061058 4.900627494506294 1
4.322014601330544 4.983675164437513 1
19.165513902717734 1.8962865391191808 -1
2.2687542036945585 10.721278843020139 1
1.4217030853606794 16.111190735619775 -1
8.767318583267906 1.6472088891996362 1
12.14081524759391 18.47529937769995 -1
7.043646036139311 7.3414494491417415 1
14.114656132735321 2.4466988240560794 1
13.215797869429267 15.008657310578117 1
12.189605704715099 8.912756923965524 1
1.6147126978407544 3.039295302522338 1
17.44121591004226 5.249771476841705 -1
2.499083399270474 4.908769082374558 1
2.122147461409376 15.319070325146821 1
5.412041676653832 8.483533661196834 1
14.187759453232074 3.915796930294253 1
18.94685121850267 5.353924286911777 -1
13.035707727768145 16.549900742205924 -1
10.833366477558792 14.989237409873002 1
6.552937399388206 3.427126973493886 1
1.0265203906380238 19.31138341695108 -1
13.64548015872652 15.111085794389096 1
4.872653032255183 14.70919910072353 1
6.133505203173537 6.58576455361549 1
3.4490156846584297 0.5662998618712978 1
19.226103013855344 6.301116482474001 -1
13.816318370364948 16.05112591407681 -1
0.7473067021118962 17.27265956189752 -1
3.19372041715692 10.21862545809771 1
15.866895055998455 18.419282471914165 -1
17.960197580115775 4.398788132701723 -1
16.296545821240663 6.061742192597624 -1
0.9057413255287683 0.3980354600194347 1
0.7439406952076477 17.867624553215236 -1
8.300390360066075 3.2152488642823895 1
16.87446320869018 14.516814401094218 -1
12.118614873875554 2.7749945937679255 1
4.112141951841835 17.974801878944866 -1
2.1511081071259164 15.60629894688265 1
11.318548675342878 19.499434664937006 -1
7.755578209303639 4.446090401083509 1
3.7203694903408957 15.37001502988498 1
19.642648819121778 11.42222253682199 -1
19.413410849487825 3.8159053981346647 -1
8.362528656850703 18.771761645118758 -1
7.352833128761418 2.735100109320443 1
8.052621502217503 9.976014482542155 1
15.946427618054646 4.531503437889155 -1
1.5257969078727496 3.7445397897669364 1
4.199796475992519 11.762920761869768 1
5.923552874868971 13.456182285455098 1
15.819309941213351 15.280069957610625 -1
16.927862111461994 5.465938625933317 -1
10.760765787493781 5.150185981838882 1
3.9199889689165324 11.112250920130853 1
8.418692628146092 3.897083685133411 1
18.494129404368028 9.310106331047303 -1
1.9832709859509623 1.4528147960507143 1
4.378230528968801 19.291096013247056 -1
14.448889876183744 11.704349724209644 1
18.083897343934623 6.352373694128626 -1
3.3403693847263005 1.6319776232826344 1
6.50181406562381 7.402235723599229 1
3.4299287140785473 5.774423238840932 1
0.1786395048149192 7.640818306135227 1
4.549994381835862 11.118933458113464 1
9.155875526530162 4.8902004150942435 1
15.063991744106346 0.5028932949789033 1
12.020727256942465 3.888971146337099 1
0.6392747449475622 16.22679163823088 -1
8.213513358217376 9.292107335782235 1
12.673397373942493 9.81665342072407 1
18.655714260230575 13.16779117589655 -1
11.056951672515456 18.737324048523437 -1
10.407275554734268 0.45856669641838543 1
1.9132314986463705 16.346285222635025 -1
7.331312822721328 4.1750339223643245 1
12.537011949974987 17.490949815485486 -1
10.638904900383139 11.01604144422659 1
12.96176642329076 8.890676701894318 1
10.706182806668291 7.660134748888874 1
6.41667228373022 10.808018196247634 1
4.700457018810685 8.148788168437788 1
9.391789480232935 4.502001160908147 1
3.3216621861929863 13.582736815161727 1
6.1118303006370915 18.569516931167385 -1
14.359919922313662 6.778501880309786 1
11.925959995228329 16.51918534763194 -1
10.789559195941123 16.582986063023974 -1
15.453113272400198 7.78532863504884 1
6.764463233676978 19.219793147282566 -1
10.279328530277754 14.877985426630044 1
16.149137707576074 17.34171861439684 -1
13.58564616206327 10.47816085679826 1
15.114438174810015 11.38961749275538 1
1.2921372064206316 10.025802851428637 1
12.846412048245245 12.408665447658777 1
7.135667518813404 7.7112740217121845 1
12.561252471185295 0.6487853921279996 1
16.556030415005296 16.76935708804232 -1
18.788886027100688 10.07680227332947 -1
15.347113477174705 18.588136313471992 -1
16.28225125012339 15.353680674207752 -1
7.736794869660349 19.383350095454208 -1
10.92885461918382 14.880960981521254 1
18.891298535823065 18.05212389858862 -1
3.685721674428737 1.1963047807771487 1
2.796762628834961 4.3082372777557225 1
4.828393685024032 8.298840565796382 1
8.052818885527307 12.314396891475957 1
7.699149558199759 4.410777226621139 1
11.31999410398111 11.765237578551735 1
8.659165861015776 18.232532256762912 -1
10.994798169763364 5.73807438027978 1
3.0938562861423446 6.9244182064705795 1
2.1433694678391957 2.616703839836656 1
6.090167253865921 14.848685594176729 1
7.806605470820243 18.006830716002064 -1
0.799133703385615 13.531533409359826 1
1.4967145676084193 1.7999805825173731 1
7.516533388421172 15.355446115124947 1
1.0371706203508024 15.406044282662998 1
12.159006340210365 16.168031308191754 -1
4.855084244033674 4.662870777823511 1
14.082540814084659 5.294282297349911 1
18.417017239454633 5.04461811981991 -1
10.084750708629649 5.364994028089372 1
0.7063296082252046 17.528842492071252 -1
3.951918795817999 8.92483139220774 1
8.472142928582752 5.845598697802224 1
19.0562836008733 3.9593286340602774 -1
9.437071730207903 8.820092950707606 1
15.278604067670845 6.280889087889618 1
14.732871333688138 15.133720114597093 -1
10.925558216424196 3.1396239648666735 1
5.540211122237171 12.066600755089787 1
5.331055011985189 19.47566295164499 -1
19.240796121180345 14.647996587477776 -1
8.475086157134124 5.905336128336853 1
16.34709263965757 7.129292291588478 -1
10.223261073437053 15.834422787273532 -1
11.056952465955804 4.807487677088719 1
3.6847090668942695 8.017431808324387 1
15.487455927399248 10.965438314320032 1
14.705560939842226 0.4326671115670133 1
0.47432550523762496 1.0583637364394516 1
2.6597494292823254 11.518609071283887 1
14.280292972039296 14.264416426851183 1
6.468406639993162 15.617928604166664 -1
4.637837173949421 11.130395277463151 1
14.173663852626351 10.90122348156507 1
19.258738566186338 5.281959765518051 -1
14.41218634539565 10.093355168875766 1
15.274924599647228 17.030990022301687 -1
3.7783195642223144 17.001046514962933 -1
9.032119566452224 7.201014049646348 1
15.336237810765958 5.141173814673867 1
4.239838508723775 10.604904461216893 1
0.43502861901635326 8.694976182010372 1
8.688288602757439 0.34733388113899144 1
18.500179396260187 10.564180401971592 -1
7.574792256267844 16.487753535278195 -1
7.619452646873213 7.4808293837484445 1
4.93936081866527 5.587940011683217 1
2.5106779403095403 7.92336767775891 1
13.791076371236242 1.28144630880769 1
15.853516071008997 15.017339934774142 -1
10.213992860547908 10.240560562427945 1
3.9867808730680543 3.6498207871059107 1
7.0732699743791745 12.779667524442504 1
18.617439578628428 18.702484474731904 -1
8.899309731269312 2.822185811998943 1
2.4569382468458167 19.60900743681851 -1
1.109675732493931 18.07153424689997 -1
18.59503222337955 15.368265120431833 -1
3.935624239617692 7.964860282760604 1
10.9408404344065 13.695584001092742 1
4.252096444414162 14.351553001735136 1
16.205355281770565 8.170072122842276 -1
6.9670563003001345 17.82683205543706 -1
6.669194042258379 8.03684608607455 1
1.7080863298090043 11.263997227444635 1
17.373889835662485 16.74875076177968 -1
0.2511927924187063 1.3271933238027422 1
1.3945619388292685 7.382942607994529 1
5.468794371141275 8.609837152728891 1
2.4963329748996044 5.74349946783363 1
3.5309007446702223 17.532127798218312 -1
15.746393669944844 15.261988905330314 -1
7.675530246661544 18.244341172208646 -1
3.5481434163205483 1.733722063245624 1
4.0714248694342325 4.520899118733698 1
7.083369926326624 0.478189446004218 1
18.128177208333113 3.9934765110710813 -1
1.2929642644325656 13.687960366221274 1
13.065894581955176 0.05969573752257151 1
5.296186888494201 11.531111759544853 1
11.638572160763498 18.417234659440812 -1
19.543051309584005 16.99803198754552 -1
16.612363629167856 15.411465090265445 -1
16.01390366675321 1.5342202180693953 -1
15.931984894629583 0.24800415154456967 -1
18.424822518977123 6.176497626829636 -1
14.465505527221227 8.609859221768312 1
15.666981790897466 11.21080727270172 -1
15.799816283637277 1.332118107615845 -1
13.602664715948315 6.295585230456881 1
4.766097916027629 8.525415893748892 1
7.860135347946706 2.5454410510842873 1
14.206641885073175 16.902701646805724 -1
13.414113251869544 18.24569189128865 -1
17.95140725797513 6.052099277228315 -1
15.508125043885258 0.6690536605655351 1
16.054727160488337 18.01194018154684 -1
10.869537238831029 17.89159159725595 -1
8.049614588722314 13.742331857052577 1
8.187612254525575 6.555800278591559 1
5.309139713490476 9.95089981111278 1
12.469448084609846 14.204474626281238 1
14.56139389622481 0.21863136918034876 1
9.158207086519997 8.109808457500636 1
11.186577161592385 5.485018291622459 1
10.792562855003291 16.447939691109774 -1
13.131776534343873 10.689989911691116 1
11.50582606660992 2.2199460861216536 1
4.111047512987036 6.7333985452898615 1
12.80774333427547 5.496067760739272 1
18.215422038871438 9.901110093231509 -1
17.861493629147276 5.360730564618839 -1
7.139515449790803 14.52002244111064 1
0.8629373914127658 9.361700301154803 1
5.9384241329620195 8.84262984642415 1
3.1487055531749686 15.317508082018698 1
13.560645279149101 9.025016362751064 1
8.30424695020376 8.013046540720975 1
10.359773332887103 1.550458369549137 1
4.812481813578591 11.614023317687362 1
6.369766023686482 10.56408704088891 1
16.678246637641816 17.55674920846083 -1
11.335603003951476 3.322346628383759 1
9.983235193234714 7.220505922996862 1
0.32318181310326155 14.324261996992448 1
6.470684114188467 8.865526645051027 1
17.189345492893572 6.679821885056372 -1
14.02857850130815 9.120404386249756 1
12.274949919156885 17.88404637026448 -1
18.334676474641014 0.7285217778440001 -1
10.390917885040288 16.403605960509747 -1
9.946197191658268 10.313880077043926 1
10.49925987763132 5.34613420002799 1
6.761536256339895 12.602480479106573 1
9.448068929921492 9.970647740511048 1
13.050908885402299 0.836200864832104 1
18.701528737963695 16.910792640802853 -1
13.147350831190796 7.041886073495518 1
5.213008322742496 14.720887992676037 1
10.4090406149092 10.369149045008854 1
15.421344245003727 17.718042728223754 -1
10.208435754226802 16.88617266297111 -1
14.807443775943582 18.081889239618903 -1
9.473244250190739 0.023569705246142547 1
14.530377699097736 4.786765156826867 1
14.69879344477777 17.282145078250405 -1
1.3691522836512293 12.179450692846192 1
5.370875113510509 5.871192593838499 1
17.528394573682455 15.87885692302956 -1
10.382694047681948 7.619726485873648 1
12.82320758598313 19.16233369093726 -1
11.299060948700074 1.8038406587686162 1
13.340482401406259 9.116557310552656 1
8.215514767990182 13.459163099113187 1
17.880993365255463 8.569224650175526 -1
1.4795869960610109 14.298158766289284 1
6.318626541160444 7.181078459341137 1
15.685949311191338 3.527809256972534 -1
2.470123435996441 3.066058139952317 1
1.1267176338194829 6.663986943603344 1
18.150758254421344 4.920653481803125 -1
12.272724169444132 1.8646156139824033 1
14.798394139477868 13.881827240119136 1
2.881084956372144 15.354495710195131 1
14.380393335322161 4.19613930457399 1
12.968940389389697 0.1904486224245172 1
12.254896314144801 12.271006027784377 1
14.162763707208683 5.916220806405315 1
11.239998686865498 4.7922891367764 1
6.827166088136051 0.5823659868410402 1
8.351411605620228 8.330705837300695 1
4.896665767970411 1.1571087743264785 1
3.5011962960103893 5.222825037460601 1
2.4784080387434826 3.529968970891384 1
2.907212888072659 13.500694760298934 1
10.063367810077391 19.11071144466947 -1
19.0449454273119 12.257435764996975 -1
17.578082972442083 1.4519656241458123 -1
3.680402352308607 8.074403966665892 1
6.528509333697006 3.3746430198519928 1
10.854816213137351 2.998821291396825 1
14.13211766396855 2.7510564211460586 1
12.648905691273383 0.04904211768308686 1
8.603875445544514 13.401431995506645 1
2.136485178336056 8.33791199555408 1
6.656300980450796 16.485281595728786 -1
15.14424863675319 6.642952032048259 1
11.793296682905323 7.319890402344931 1
5.266575265118167 11.615387941697389 1
15.1220099566818 12.733945686255606 1
15.041244261739934 14.808321488265282 -1
19.17648813298493 14.86512679912163 -1
0.2739698529382184 1.3176189554762852 1
19.64144276296601 18.736246504804967 -1
4.2067105967292 2.0673854533679847 1
9.8839516613144 2.9953226674154076 1
3.556718421755787 1.6351570134470217 1
18.84547362483392 15.880735221840467 -1
19.410349209586993 4.000239519079056 -1
14.116069607793447 1.7734080267016017 1
2.537665290619797 9.711899423207544 1
18.907264199935906 7.62373343830645 -1
4.90090474429052 19.712385295080573 -1
4.15951063485505 3.0917471287479703 1
16.961923103262446 13.413053862912372 -1
5.16474721646901 13.414825144980291 1
3.8507338330044605 11.61014259067012 1
15.854076533368602 9.817974073122823 -1
12.539319065382157 8.44002420445172 1
13.295116431412868 8.707559126787011 1
6.871906506041814 0.812044813142363 1
19.96311439605579 17.940090245927674 -1
17.634933072104165 18.620347145944315 -1
1.9944412461259486 16.13347926487084 -1
10.806966577019832 4.524344814577748 1
7.9006147683975 19.288956121974802 -1
18.710860051634878 8.20080230311853 -1
14.115532736009257 17.917608608374536 -1
5.997475766887885 6.708760877411686 1
1.2681280844214693 17.41630319060176 -1
15.222316706679887 19.97182086784816 -1
18.217188819520217 4.613515844591984 -1
15.233463722800968 18.370580682734378 -1
19.654618358221146 14.206385283309794 -1
19.671218572142518 18.05131682452187 -1
7.477939809814305 0.23608601613137603 1
12.586913016852481 8.79525220663654 1
6.1523824152820445 9.799397298592387 1
13.520352190032664 19.156070749895925 -1
17.92742043516936 8.870120388464207 -1
15.332402621744503 14.061586988143377 -1
15.042157359756308 3.4047896918491682 1
14.671270853300264 1.1887837796098788 1
12.948495382923026 12.832892233880548 1
7.1580337330027355 14.159698902599239 1
11.10054322065725 7.582597338019898 1
17.209033206093554 2.9689304259103033 -1
6.003261323834412 17.46878239214459 -1
15.869763073942103 15.04180433108015 -1
14.98286630433527 13.570912773961519 1
9.11691359919121 13.935538707609957 1
18.536049938403007 2.654122118928921 -1
13.792272172350158 16.934009690917232 -1
14.134603490684308 10.23762585546998 1
18.664206915375626 17.65001539897976 -1
15.006558627346248 6.090361568891945 1
14.069491039571691 15.237207896571459 -1
3.6845011960789242 4.2345581968421815 1
5.170257508554514 17.927147093775186 -1
2.0062341728268107 8.46369604383687 1
1.0679087642753005 5.345214037279582 1
6.772503131015104 13.932111000612606 1
14.847829457968423 1.4223989144079185 1
3.411029327108528 15.549273866246267 1
18.085789600596847 7.708260499607089 -1
8.76562102248965 14.7125607548361 1
7.428950910535201 15.5036387312438 1
8.523669069126093 17.3381059386901 -1
0.5714233376502964 14.469978692084187 1
4.814870028683515 18.20011708421465 -1
4.276351053773508 5.235408275003069 1
15.15853443570689 9.264806958877326 1
8.053533447484082 4.005992517443917 1
5.206390946043371 13.00587946761372 1
13.683622939391253 18.303869156255512 -1
14.622305883336512 5.6142932682321405 1
12.98697075539216 14.69224851446416 1
7.959890026035065 19.565803382975815 -1
14.067224590504965 11.710548304230393 1
10.543479004589551 0.18555702196372925 1
9.716809722158612 14.231206175804932 1
13.127514776372994 16.649817807583133 -1
0.7534583180985011 19.063004729457685 -1
8.503884571339187 14.29065045019573 1
11.763985661969414 5.864014406924005 1
18.2462987991732 2.120204187642176 -1
7.063539636605833 2.2905485299597883 1
18.425335712645126 17.166993788648195 -1
10.635582385977997 17.796802549845474 -1
19.397290911590378 15.517369715433935 -1
15.399891680912779 16.613131512312876 -1
16.664523619609056 8.881145565821393 -1
14.36290874426984 7.1692031451791465 1
7.3245020484214525 15.051138886082303 1
19.0367811340224 2.5915375160763743 -1
19.76929546294475 0.8021471860465468 -1
8.970481751851393 14.893238879478943 1
13.066791003688747 6.575687082476076 1
0.3184284384350833 4.0869937500607145 1
6.849430402122407 13.722575279946454 1
11.079040019258965 12.690695510698148 1
2.5558152091164232 7.126241799524918 1
15.967712025778305 15.958338232477614 -1
12.51504185840467 18.70542285137935 -1
4.845720819632138 8.65710502319103 1
4.633168053548095 10.595676299365909 1
5.208592930237817 10.324851083386346 1
17.33573787487644 10.734938073049046 -1
1.4445151251157906 2.6804672125179763 1
1.9398347526721027 8.12912086166627 1
1.4053847357316385 15.222893553165338 1
7.773649109334409 10.249538928634044 1
4.29013439147014 8.042829332143729 1
19.13108514385851 0.8147171656968744 -1
12.92199745755279 4.484465366643196 1
2.5434677570325093 12.634937172978645 1
8.208409235205718 0.5328551315296792 1
7.86993079611438 7.24863932919445 1
3.904272112783491 2.6658124947011674 1
7.352607396184119 10.755590255233612 1
5.756344990437617 1.397505450907226 1
13.052272707576787 13.55250788574515 1
10.688540689682855 13.854210387107468 1
4.974616771415938 0.6026073749203187 1
18.89496367750747 5.460950824385491 -1
9.716863255259833 18.421322460881544 -1
14.539528419362393 8.181043602524616 1
12.608971962200744 5.136237703537647 1
19.218051261091404 10.738850028597708 -1
5.093207328370621 10.780034809265748 1
16.42072784454498 4.8693091046243575 -1
3.480368179546609 16.401062322325505 -1
4.939939282807575 10.876113985458339 1
5.240527352991737 2.6268911023946173 1
4.500370380406656 15.643672355890011 -1
14.63063876721364 0.9920189518854827 1
7.845444961447976 16.736278376410777 -1
10.730919076596134 4.641666470304204 1
10.096116368635057 17.33119170612344 -1
7.856429058235131 18.94937551084295 -1
8.405093332418485 18.470616446678203 -1
10.829820883041046 17.136917259442328 -1
12.761590362785162 7.480845124619686 1
15.745742083189718 11.160790668959407 -1
2.2587495428253312 4.3951101414911165 1
10.626922165402284 13.93037445722131 1
0.2178890535653899 1.8299811805258037 1
9.766492274663355 15.348576388798127 1
6.270782042571357 18.003408817629897 -1
10.570637252585867 1.7166077687332404 1
13.833184846844492 17.445815356336652 -1
12.360180141034148 15.720289147457722 -1
17.359885830981494 19.443898291615834 -1
2.8592684799273593 2.5160776866637424 1
15.353548479698771 10.37010477491513 1
19.993823905007243 16.360779882649567 -1
2.306687840425401 2.789009616900695 1
14.141983260588162 11.779710553316221 1
15.588118008626727 1.5951178056296067 1
9.123264209276696 13.443819966902087 1
1.7422619773289028 5.424883645865646 1
8.982730983133301 9.727111124561958 1
10.751739194378487 10.19902969284506 1
2.020973265381496 6.341435489342066 1
16.52067396489121 10.889525686362836 -1
13.540223847041863 8.496547187593201 1
17.16820208432969 17.468865589743928 -1
14.42149184970172 12.709070576103054 1
9.678688723306044 11.487571822040081 1
3.917107908569535 2.6848223814223426 1
0.03719449551037313 10.839121097631853 1
11.937612856674908 17.62470442921876 -1
2.1857584946526165 2.0097897322878433 1
8.631448299702713 15.85517072892303 -1
16.968107779043095 1.4741743921353345 -1
7.200448969281821 11.860050414643801 1
5.687419232848223 0.885440796455359 1
19.66365355151916 0.5912900724376047 -1
1.9838064793924093 14.322630318247757 1
14.676496749382345 19.36195934606229 -1
0.44522046937412796 0.09563034148864391 1
11.531964623822425 14.675646580642226 1
0.6974980142380405 14.471707704410115 1
5.114831876730035 19.022152463905904 -1
11.676313343945893 10.175767602230799 1
12.849633721376566 0.9701688597985347 1
12.365822780058961 18.629803274037144 -1
6.577551266513238 10.8134111736252 1
2.4958236499675523 11.63526210452572 1
19.816917455527157 3.577461005862621 -1
19.52128635511437 5.565352494383564 -1
4.006597539309215 1.3703438272294233 1
6.66512907051114 9.122582659725659 1
6.101007494384165 17.860659240056236 -1
10.887168062988676 4.330116419824344 1
14.28008261638059 9.092860337428768 1
9.349173862160303 9.663801359406914 1
8.557030263898369 16.900052970709126 -1
8.27802086286396 4.09501501845531 1
18.71123801658509 13.850476249498946 -1
9.08593733123884 11.30274950395223 1
13.243231541438014 1.9646022255464035 1
13.188891912303799 14.42663708216934 1
19.943118611605833 1.3655715467723328 -1
19.1711912969139 13.470909194908646 -1
11.183476461116035 9.576470658102135 1
13.776392924815095 9.832545271963447 1
15.192180412227504 17.35372864609616 -1
11.661660352497265 5.415167971814219 1
18.33019165032222 12.746699962956935 -1
17.934736107915104 17.403508931829414 -1
2.7938658478880707 11.49927620026659 1
12.199717586237021 14.011557690204988 1
19.18086824479332 18.960154887258753 -1
3.1698706154231027 11.380783073971728 1
4.003309512639235 16.344165994999685 -1
18.862738662631404 17.29310487248394 -1
18.501257419058653 12.487857967702144 -1
18.974834852669176 3.4765624434150832 -1
7.004300372942729 11.168297785530864 1
3.240239623988115 15.019921029932364 1
10.608378222675505 13.604844819552875 1
2.4094585252581746 2.775733088058787 1
5.079619519911629 5.9394317283675635 1
16.941920568202853 12.619647223535129 -1
0.6664650377551351 12.291658361835136 1
12.587534091418107 4.047049299159071 1
5.895877987529746 5.410801614158958 1
11.739745181840318 19.82639283579434 -1
17.448980855692962 18.997612656256628 -1
14.774581226769804 8.291859987424282 1
13.855986385445277 18.444559169476037 -1
6.5471769433869165 10.346280288005566 1
2.0198199633134872 0.04395115148804862 1
9.799337819627027 4.358504760111847 1
12.472370586070552 2.6391732132901757 1
19.438698846514605 13.877727479532378 -1
1.786822213030006 10.245018238454913 1
9.48209052583939 5.450514046113177 1
18.714068939874313 19.338910210653278 -1
7.912741183515335 16.814592945586895 -1
4.3807306628682685 0.3255768058737174 1
3.782980636461444 19.356730405171504 -1
6.2808292819119576 19.103517476170243 -1
5.601143791710792 12.960305824297313 1
10.812710737640689 1.712392042794837 1
10.373401714527443 16.231477470603437 -1
19.75733211377181 2.716238997033864 -1
8.628274471776198 10.581107268697782 1
12.3635613560157 16.278208663954544 -1
2.3336222210176127 2.7529063276562815 1
6.600669995900166 7.808284979201325 1
9.822931321887365 7.126528821688738 1
0.6577372178501673 3.616243741849492 1
14.679750033330354 16.48763698518669 -1
18.91419716651949 16.177880765145648 -1
3.9861556140130405 7.945231260359174 1
5.375314633680411 3.4233245565102077 1
15.423170437218497 19.289826381920506 -1
1.960887319717799 1.88202352833025 1
12.418072674460443 10.324331662893183 1
19.05501755754233 15.56979260380572 -1
11.865577028701367 13.562782820153556 1
11.369315198051451 5.179065389294175 1
19.906896484704365 19.18033877718511 -1
13.441436950074257 5.434300342035156 1
7.832726063829538 10.211257225071895 1
5.985389650438144 2.4002541897168417 1
2.383215017572917 5.729827573629535 1
16.829561176154318 7.081625840952004 -1
12.550036226011445 2.112530377493278 1
8.32296737073894 6.828354294640113 1
8.442682041042316 5.467972912198851 1
6.859748626874939 1.8616299758259225 1
6.863155557093583 1.9344254751270418 1
9.566462301819211 0.6614704635778867 1
2.940246262793642 16.78307246121651 -1
18.216263101326973 15.0074805856297 -1
17.506629293820858 8.128369193467677 -1
1.0785887121723725 3.1402053563297083 1
5.859034756098913 6.5351765627645975 1
9.682499710728932 17.811269877084026 -1
15.123785438485598 7.925626876129006 1
19.366352780884682 4.916267306729232 -1
4.657021987224217 13.926958609400868 1
0.006023777524777341 7.955150536728908 1
16.740965099869253 11.164835174745864 -1
16.458418926107655 3.7406620593879336 -1
3.294605110207547 8.994944670205145 1
7.026550640997433 5.576110425255118 1
18.39922590717943 13.778961493540455 -1
12.646984339267854 1.5495891259783878 1
16.146215806117816 7.049229225307729 -1
9.519990183125879 7.642519213879934 1
8.646640615703035 14.769808343273915 1
13.547274102100701 8.026165578269852 1
19.999086501432025 5.389804538604808 -1
16.211678472803406 8.22056728403538 -1
18.59431518356473 15.498194790900833 -1
18.42779258391221 0.7161079182384955 -1
2.3423010936255184 13.62762203415161 1
11.41192645162098 17.20871698811975 -1
9.239253355694668 15.117935344821458 1
11.764449009584975 16.77549290531401 -1
9.149255618204439 13.93851991146086 1
11.727007016251978 15.118304622985734 1
1.7571918853829849 0.9817429486197482 1
14.971687084279468 16.428722765678568 -1
0.3566492995205728 12.578133428046323 1
13.298705205235882 6.478402038044977 1
1.468531790397405 17.847179254402526 -1
0.26373969459074553 3.214822071179173 1
6.243136635004136 8.98591925321833 1
14.02556133885901 19.44307757076687 -1
11.180490519099491 4.710782573918264 1
13.599137827053621 11.100187391432563 1
2.9107602100965857 13.806412854668528 1
0.21892541243060615 4.179169254765029 1
14.608597294291947 13.098489973048208 1
18.661593680675132 13.535919539881212 -1
10.072292956368084 12.155851066908772 1
12.14695154857107 7.612703585749838 1
15.580663513778369 5.640487037092205 1
18.830388157468587 14.537859070344687 -1
19.347613275392 13.462277461996896 -1
7.919657812356373 7.112081582225683 1
3.7263452599613767 18.758603411569695 -1
19.093383750749354 6.867453503720402 -1
6.272239505686867 14.207261628533034 1
10.168174979529107 10.686155740456458 1
2.3554275622863763 18.294385112760786 -1
14.855790481969253 7.391576792366448 1
4.221145218147262 4.897354002672687 1
4.971310306678189 16.275326624123732 -1
19.227955660495518 1.9059639478821144 -1
19.597808141023865 4.699432631064349 -1
3.4509858405875304 17.593400353594486 -1
7.482549744586087 7.713782241166312 1
5.9193344188372095 7.061848929646275 1
8.334270245635508 19.054660482966735 -1
3.46385377548307 15.325846060830754 1
13.71062389858755 9.941001348633382 1
16.483526056578988 8.45977179701687 -1
18.829414911897103 19.760770415998113 -1
11.895698322985966 9.724147878399434 1
2.9067675846379926 11.04065382181801 1
1.1174668979342584 13.698701245106752 1
17.51990998873062 10.018037390031054 -1
8.132523549986185 18.188425260296498 -1
0.01178830115753371 3.6850160992592307 1
15.529829879483565 11.032157827019898 1
2.0992506447995973 14.349971702574479 1
14.85749371177257 16.93147087943833 -1
12.616077488662349 3.5630299224964412 1
11.717260521746763 8.030953220292796 1
17.716663466151964 8.677494594168582 -1
5.732078589562768 11.219247795253251 1
1.8856863047486594 7.370128789663535 1
0.8512025231622533 4.983478519166833 1
8.74363480609781 18.118947493140443 -1
2.4143497240048717 9.138000203580638 1
11.907589206616569 17.93795602046978 -1
3.9784506669076447 11.861664500289475 1
13.061191634145448 12.594052427020713 1
19.117562739140524 10.216096432391721 -1
6.907262582128713 9.082101682875551 1
11.238546453759984 2.6807419503428 1
10.821060225092655 15.309954017426437 1
17.912148806872803 5.2287369284433645 -1
10.791704552811556 7.745981533951789 1
15.301142975558946 6.080926940348164 1
4.633824825620351 4.207467589256108 1
2.974237780441673 8.513646643436978 1
8.471015590202084 16.018983586103587 -1
9.726468598574376 15.95915242962299 -1
13.13721685489198 11.445655019316934 1
6.983840964333476 9.125879349387462 1
13.411673072493514 0.6070067922513278 1
7.952008967795718 10.97897629954489 1
4.897650070983344 11.00285807063685 1
7.87581470802275 12.159858209157493 1
10.87461629363888 2.333517610161333 1
3.6085361563866725 16.786785858994612 -1
4.598140455284813 9.472310092523134 1
19.146735324170265 6.566777598664679 -1
11.29127311471521 3.249250280623952 1
17.868608792659423 9.7624275805285 -1
8.465721329317457 0.13045419349249965 1
1.9208039854781256 0.7954921458446185 1
13.230651177206422 13.928671960311139 1
4.530663495149831 6.132386430488694 1
10.891489028837952 5.35608951219253 1
11.977913739953623 12.58501455561031 1
0.4106172684154541 8.531344355464242 1
8.54183620029756 5.273635654486366 1
9.196399037405351 17.47847473652066 -1
19.94699506360844 4.236752507227686 -1
2.2064914839540872 0.20629897393058538 1
18.662618365116472 1.036289577104852 -1
18.495940006669162 13.132510943095365 -1
7.8677728354029846 19.69460664038257 -1
12.110082012695123 14.417556300595031 1
19.976491546742462 19.913178340106995 -1
13.616809588865317 1.1991285859490097 1
10.324056070845662 4.761052018743401 1
3.5922837618682912 2.768915401456644 1
16.947655623045314 9.884470134447836 -1
0.018716379535632655 9.40900502793381 1
13.351685997487841 16.777335667119452 -1
7.822365306580082 4.906131297386458 1
2.72997582776344 8.765470132178203 1
0.6744338331083277 19.68773878481484 -1
9.32426425575919 15.095904971426668 1
2.6970717027756064 11.074612424269265 1
15.430278318474484 5.885715266040954 1
10.86123387662224 7.3206013621118915 1
11.01979589809245 8.673202368781538 1
7.6326657107716755 2.9107616300415717 1
7.029113937430969 15.927495403949996 -1
17.816818186616867 4.014996281931184 -1
13.071357793911442 2.1109424580395775 1
3.573035415414134 15.045083935620296 1
15.662119734562394 8.751921407258331 -1
7.212878877784446 9.93874513676748 1
14.004930242675202 6.474004126878188 1
2.6669885548143935 5.095184361222698 1
16.96510014784713 4.0406689808775 -1
3.399411783812556 4.812332800714996 1
17.067511194237156 6.213055166845058 -1
17.067862884822688 4.626787836757311 -1
15.185952492972284 4.58151865514308 1
15.372904393258736 13.133231188032799 -1
13.04863761667878 18.52004122741377 -1
1.3085766164833679 8.660897792263746 1
19.76656834323974 7.025822148593095 -1
5.421528326408096 3.6104251958412426 1
13.298440712445634 6.444659411688367 1
7.705240952060746 6.305225000046324 1
18.097822487626225 13.946016494635305 -1
2.4004564788044735 7.887272588858889 1
6.145357883817466 12.099944341485072 1
19.242465760426498 0.08800818186263326 -1
0.15079103173365693 16.021312455979928 -1
6.59043367432484 8.630818035689414 1
14.916630681737695 1.2850889315838732 1
9.3934749039676 6.57234945915005 1
15.687307498316997 18.179679354871794 -1
18.092723188661676 12.065685454975728 -1
0.7647079137436807 15.853628743959408 -1
3.328165983096043 15.82919852761512 -1
9.752997449044525 8.524258952474613 1
5.71355604893208 5.030677076569465 1
18.502685082174015 15.155110522656162 -1
19.962230265461248 12.347097756321174 -1
7.155900931212678 13.87232201177943 1
18.29120770545247 1.6362035250446905 -1
18.65189888135943 12.878373929129017 -1
19.3004656287955 4.956824625796492 -1
1.6338225260122496 10.734903306633871 1
5.418824660060963 9.600664539018869 1
13.904807477938725 0.6245681217954369 1
4.527402009783572 18.3490483246583 -1
10.413521431311967 5.565233628647379 1
19.516130564409416 11.34391640552728 -1
13.206276048064339 14.53802877235329 1
13.298364886317906 3.7631322999150174 1
19.864876438173038 3.1040945707910383 -1
16.203131541386618 19.91593901739141 -1
11.656400828836402 6.32314565627242 1
17.68410746140143 11.425201815616203 -1
12.95314464156 6.65022581531816 1
14.928951286175922 14.838834609513958 -1
9.43798355813768 4.975337618328906 1
17.222128284374246 12.313604887745477 -1
14.192441442892491 19.083899826976495 -1
6.808916743190057 7.940282853958336 1
17.971796861777207 0.5542628154159246 -1
14.527804828714645 1.8298908654323642 1
12.803565304263246 18.471804258962678 -1
1.6230196999799862 14.256575280036996 1
16.502753207173114 6.327396683719401 -1
7.918467063659726 2.9534313010880076 1
9.779294066908836 7.081338478927945 1
10.92888239592957 8.08335325223158 1
7.320108594750872 0.6120886941802506 1
0.5035348333734779 11.457809018668431 1
19.560277336839786 17.632467949752787 -1
9.24234876154258 9.252178283622133 1
2.814822695995778 14.644234366644863 1
10.193844720035344 10.767100469705122 1
2.0246489189959593 5.615244213504025 1
0.23882834305254397 9.71105608642775 1
2.577206460324346 17.801683590403673 -1
10.083290949635233 9.030172070900202 1
5.494485143938319 1.5011316800946606 1
19.928515571243246 15.48704239227779 -1
3.7379718961675956 16.510510843671792 -1
13.655907655975676 15.991123510541419 -1
6.462233217454596 1.67625031016446 1
13.758614260430983 4.109050304688353 1
12.755821753953459 8.162267912676695 1
4.271511846260683 2.233996184336773 1
16.740236778194458 1.9246734565506296 -1
9.595684483066796 2.568990941653422 1
11.854690687137515 16.37035260052237 -1
13.383040195224895 8.379874830540864 1
13.736480558537556 2.2898972554355668 1
13.541246623292915 15.89936996204598 -1
18.313775171934335 18.893610897251097 -1
16.938697968101263 16.81450782654172 -1
14.559682078868084 17.142607569507607 -1
0.5337572217142972 1.4454590677515489 1
19.813467785212218 4.555302077958736 -1
4.42204649385835 3.524565425095123 1
19.656853313540516 9.28287205009257 -1
16.690090967684593 8.910178337262826 -1
14.040327309750783 0.48554881974459896 1
19.983157174760223 12.620674356385395 -1
16.68645742748953 11.90488197948758 -1
15.339647176657769 11.24980654550701 1
5.754205779753714 16.015399569177703 -1
0.11395443036655628 1.1253342160197866 1
0.33028873717520835 7.252365649002101 1
13.704208701405394 16.498643553717095 -1
19.520657826340166 14.550626294141724 -1
17.320871538712332 6.603862558797302 -1
8.747194289293969 15.792802851320786 -1
2.1766786181965703 15.600758166384395 1
11.311761035499293 9.753385894821696 1
4.247948180284125 15.216470989115209 1
2.3717704263527395 14.738560305542212 1
3.15181801738057 6.326937343465026 1
7.178466866778446 7.359863490311613 1
17.703490816311728 12.76962050895865 -1
15.761151987478804 9.743079828682246 -1
1.3621109845271695 18.354965843540747 -1
2.1976101001316284 18.96203226310532 -1
7.043422471817862 6.344759159394591 1
18.19302408629571 8.600236836821889 -1
12.671882336738973 9.591363063954626 1
17.896703362744347 19.08164584277561 -1
16.364449760467352 9.082584107039493 -1
3.717977839527975 10.775000840676805 1
3.2827895809307384 8.812697063913578 1
1.35963769971577 1.8645941858136594 1
14.960164333926901 5.700944771478604 1
16.369339243106943 11.593514773710297 -1
16.303821066189276 4.704606261868564 -1
14.216417677565282 18.723743254270452 -1
15.493213000276194 1.3245105186547335 1
1.2335906322895784 4.920729734950092 1
7.638917773695435 6.376649240199299 1
4.720053921595271 3.2583895991839196 1
4.3366571214484795 1.204334268354037 1
17.08451585971346 13.153708557363665 -1
18.14534758707793 5.431110615316874 -1
1.1137384468334055 14.778449108352225 1
13.537642272207988 13.905433305632492 1
11.284188478888172 18.35872867447638 -1
14.015958278365535 14.663887131501461 1
9.491431197015885 16.761505511007176 -1
8.856513224768621 15.540511044718347 1
2.653934216058025 13.380313342306412 1
12.338429856768862 3.4755782112981515 1
4.354975253719493 11.57084937284239 1
13.334489132085183 17.62794774075678 -1
3.0183841867155525 16.750305447034986 -1
13.78465653877167 15.070907057939113 1
5.070873749463858 17.762623786218658 -1
10.843028758515242 6.152182556827563 1
13.125753566967898 0.22511876693885657 1
9.383378539728131 15.52459639360346 1
16.429846989973107 1.3102115123145652 -1
19.068013296869804 4.404615428636771 -1
13.647462325047137 2.7792876245260567 1
13.329191114225388 9.791825376017872 1
16.512302670406658 17.073977842893942 -1
6.381863358517501 17.18314800506949 -1
16.96023048799241 9.883440111647008 -1
18.781057452907092 4.741388945988745 -1
0.06283336941158568 1.8445040874698049 1
12.056726765268799 18.928497024387788 -1
10.413764697806558 1.894819250789177 1
18.603446753541235 4.289691363775294 -1
10.57687524888763 5.28743057289625 1
14.271847918252012 13.375394486877655 1
6.787168383103561 0.3884807025944026 1
18.00322273292339 6.713690567534465 -1
19.30265242511848 10.118035567506219 -1
15.368260885937302 17.29681051692661 -1
2.637197217932612 6.257284677284575 1
11.015414477223173 19.220926154828305 -1
14.36152261073212 17.8336781065348 -1
18.803913261230186 5.919316106556338 -1
10.241485786295804 8.408817067534047 1
17.790982827424415 9.854749557575659 -1
8.189864437386356 1.332222637284175 1
17.26236039659325 2.5877128417068884 -1
13.83986608096407 6.887355523323548 1
4.639717326710779 1.8128863802181794 1
16.50561535311981 10.744580166292366 -1
16.368146156826 0.2570588732373791 -1
5.876914036909453 19.24901027090758 -1
13.781385420109167 0.257452898749575 1
7.002598269090297 3.809481293764536 1
3.4620001127066935 7.390207058068903 1
3.9488344461572167 4.018164188115103 1
14.758256863302028 6.6945520710182045 1
0.9757528531865645 17.118613880378046 -1
15.888971636462903 15.838990939933822 -1
14.157820007341002 0.05333791480202521 1
14.46213084237386 1.001577165427907 1
16.080403535759345 19.56024356294056 -1
8.252630077216574 13.28717434614555 1
11.577006926705094 5.650601381431441 1
7.728990102507476 16.180341056878266 -1
3.4286805719924707 14.289451205117022 1
3.088456096730232 7.833295948516305 1
13.52914926378036 6.212659173727861 1
15.454407352221164 15.914165108522074 -1
17.226229653427033 0.5530990922054113 -1
14.409542763775764 17.29153067431297 -1
6.382139057837843 4.311738417950344 1
2.1828283901739254 10.00704613521598 1
0.1523268601942651 11.69766546960679 1
18.57774057716068 0.7886940999721359 -1
11.5644993457298 10.974396024906346 1
10.123854985955711 7.783026575557008 1
12.68652714490109 10.68806117112044 1
11.953365462768126 15.235512160499345 1
1.503970103676402 2.0163768084718425 1
11.548660157528552 14.523899332391183 1
19.584971335362656 9.465558847001336 -1
19.776594824937263 4.2502866286102865 -1
1.1923164587820567 8.255646022262038 1
6.519649489003907 1.0233633189786073 1
11.709475525789092 3.4729591177351837 1
5.733679787248582 12.113077057411285 1
16.079482332083412 13.431719038533123 -1
17.9065030685731 1.3357607236663571 -1
6.412531568911104 17.67511686189925 -1
16.66109736193623 0.32852472329362614 -1
12.00021513362275 18.65941722638905 -1
0.6417175017290222 18.79752111996195 -1
14.68133613115228 5.402955093308135 1
1.8407642754926923 9.375443584175759 1
17.83628482036037 17.245168134013827 -1
7.168775874073434 5.399431364918119 1
8.243981344669532 6.349087698661668 1
11.339442895210363 13.221305726918988 1
6.617425768640352 8.693987227641909 1
16.036070632277713 4.587865800453191 -1
4.840928541683045 15.043183706300567 1
2.845461729283434 19.17974259376026 -1
15.764122238825884 5.735249308209243 -1
15.589700253945583 12.57309197522757 -1
14.864888121139135 16.1351864596716 -1
11.455872451552768 10.689190504669018 1
12.175365436783682 13.195391179734266 1
19.718270784421787 18.222783570479947 -1
17.572234632719635 7.814522303258804 -1
1.8671744171790539 15.590802212506595 1
12.86450786721694 2.545658309731358 1
17.602822962283597 6.618865135175276 -1
0.06907968120634989 19.693422734406973 -1
7.422727875268842 7.483751368767297 1
16.84633448986437 10.953028860067452 -1
4.4250122862688634 16.355807945904402 -1
17.275126222784543 16.482478386528292 -1
5.469980437239464 12.736054766023557 1
8.978484271180285 18.66243393804034 -1
4.986665874621334 5.658507408340201 1
16.068433263793377 3.786557886826627 -1
3.480634116423511 0.7290384897962521 1
1.4603376191997453 3.5384028267294276 1
7.193839148270169 7.397869213305562 1
11.81421468251881 17.34920950699549 -1
15.386877050664028 19.9135685246358 -1
3.692504635308156 16.59425666375744 -1
7.358502000277298 18.08221842199238 -1
10.480791796805306 2.0736802891519934 1
12.586803498110848 7.25617716254156 1
16.200029819631055 7.336976794316461 -1
14.270977333957887 10.902671359373882 1
14.545833083836754 12.14866326389376 1
19.072149943259454 3.6532053114702845 -1
9.322443842426667 12.755870522538675 1
3.9962528404225006 7.910581659128873 1
15.896001717944104 8.606912956170765 -1
5.13146777419899 12.891086836654784 1
12.373788001974972 8.783162424216215 1
2.3472994777706346 11.405193633597623 1
3.9231343490121673 15.644843521149399 -1
19.081864987470755 6.730902334052502 -1
3.975730507451767 8.054632305822773 1
16.9885134993707 19.6096275741215 -1
2.0200805790282295 2.0312397219826783 1
1.4824324641206377 3.695324445331616 1
19.26690780687364 12.798429015922554 -1
6.122411768165861 16.7133159991829 -1
10.67932193998489 18.933203287302604 -1
11.28248801840485 14.136079878540253 1
14.691606969358533 16.680182237000615 -1
15.7127030158936 12.359023055289812 -1
0.3975050460862328 10.487461433081487 1
18.357758084069175 9.160056055319238 -1
16.070923682892268 14.4325383345563 -1
2.196863741077222 10.652568621218983 1
2.5890010179472145 18.44516112975953 -1
1.8876259183243538 15.992173227467228 -1
0.6595120258573628 3.097244328644717 1
2.641337083340356 13.773382018992956 1
11.711627788886279 7.218274260157758 1
19.02656633744942 7.353150728776741 -1
8.891056848224224 3.70790651174286 1
19.29248739121622 10.264010607495361 -1
16.80765499059334 0.655741272387087 -1
13.32289750327336 17.430289844077645 -1
6.5155913281602835 17.24154733109048 -1
10.476428671991084 3.0767080130880387 1
5.663215362286125 6.877473555889491 1
17.337969625455276 2.019400024255651 -1
2.8317850265276023 13.667087208393873 1
4.8008577036027305 17.455228614238905 -1
9.789250874298876 12.494342591856816 1
8.918923035964376 5.4159922702868695 1
15.717329028338028 17.918873275915 -1
0.6120119342843511 13.729953183535773 1
3.42711557306546 12.542282811685784 1
5.5781281991110365 1.6338638818586348 1
19.160538874276376 1.6233839370083025 -1
17.659880714800437 15.104465002525995 -1
14.781964083498938 7.4586277210528396 1
6.432446819052724 2.5292039070472527 1
13.996307682813697 14.40723078309273 1
12.924792522162537 5.511711038511997 1
12.68704524253226 3.4288087564647984 1
16.15542914132348 10.40833857123964 -1
7.5495243545681445 13.614584837970444 1
17.558504782520497 17.61786585961478 -1
16.902032333019523 17.431541647275356 -1
10.395576328509522 17.69724319054898 -1
12.889092984725863 16.262152386769998 -1
16.892920293221522 16.05202646973615 -1
5.248507156588271 13.310620064268628 1
7.113792692374396 1.2509519178518702 1
3.3956685241910134 2.059822443042245 1
0.4695570007443317 5.9398603590917425 1
15.785732841909372 0.20145190762428156 -1
13.293152341219582 3.880978564663611 1
3.3462413880102204 1.3251169227396575 1
14.042890813163993 1.819336591073344 1
7.229828901684632 9.64045071379636 1
1.474104279725803 0.6788850623855702 1
0.2186897770309626 6.619559767154448 1
10.510705803446864 17.016659091868696 -1
5.8194853719696615 12.68541678906237 1
15.568242755235238 12.714113339338667 -1
9.419432858373927 11.935098616743566 1
1.7245671608945634 18.560532708655337 -1
11.831328802074058 3.3750296389830448 1
10.403767930801106 15.684214345896256 -1
7.137296269109927 8.258699301229482 1
18.133548415815696 17.712881649831548 -1
3.9480785677841745 19.855575125658437 -1
14.455759357628065 16.09559015314209 -1
12.026732476452938 9.343238552266191 1
8.21433291410429 11.194150128042864 1
4.682604637022829 19.503035031496864 -1
10.214388966357673 12.552882708355016 1
1.423504925662431 6.5128210155121895 1
14.640821215815233 13.181306160571731 1
15.061023621563432 9.368663802486859 1
11.6442006691823 4.735125321757721 1
12.795971803444036 16.33064403124894 -1
9.146362457264729 3.1566793909300594 1
11.767950353389029 18.27617374218933 -1
3.187577182765644 17.636793299051796 -1
6.135089225889406 9.95753968765361 1
13.031737923479 19.68574747872293 -1
4.957032133558956 1.898659240892966 1
9.765521909011296 13.651865174816425 1
7.986259098919821 18.029310016272404 -1
15.272023662204322 15.202008031099298 -1
19.929894366067685 17.14338324830106 -1
12.228880506971059 10.079031408327875 1
2.826150251959556 9.880992433395509 1
5.175451296593357 11.877054944194716 1
10.886616230896708 7.172544504252141 1
7.713126565667339 4.626168404376352 1
2.4876119833274246 10.946167571589642 1
1.5474005733033214 3.6539813757323047 1
19.95086615182535 3.3881637860154656 -1
19.349838246295562 16.492205928952323 -1
9.335812045339589 7.159447946193744 1
5.312639077830723 14.522241777243696 1
19.67281943849157 15.709200087071585 -1
4.787985982244136 15.60451278592462 1
13.89871716453085 10.190257365859615 1
7.548943696899471 8.112091481785894 1
2.2129859211177583 7.469030962605398 1
17.978163916850754 17.589922119059867 -1
12.655044697720312 2.3360420651404623 1
9.885217918622555 8.686733742418351 1
3.4100674241952023 16.261420622609013 -1
3.6728808459959117 7.057528209051364 1
16.68281290706026 4.903025405360091 -1
19.21724357356768 18.610292568304597 -1
14.935978112948549 7.063094957649005 1
9.096047666789094 16.771374192755964 -1
6.871608769039359 18.90263862810383 -1
3.694177978203126 2.3697461710859247 1
2.741144727653404 8.961057359996598 1
2.2347703939259578 15.291154676691654 1
16.401700949590648 11.891749491341939 -1
1.9289313585639989 12.228936239147622 1
14.993214524221951 11.812763780117306 1
11.206590662355252 0.659065934027836 1
6.193127440099808 9.784814865027249 1
2.3855463934627585 15.592783829111696 1
7.712299112000613 4.167283281626355 1
4.1552856090543315 2.7109209515985166 1
4.027875502686246 17.466083139491335 -1
14.896702089097174 9.159837075954627 1
1.3058753016721036 18.77557341255412 -1
14.128358472727601 1.5896559066942761 1
3.0482829725176486 17.029969394237096 -1
1.2644735101344229 9.941269441143506 1
6.206468322985259 17.01798667224982 -1
18.389346556376346 15.039357112080554 -1
0.33478646314589966 17.47773081957978 -1
16.897464661741235 18.224462193850965 -1
0.8152431445650121 8.57714260717421 1
6.618062841381418 12.057926813359511 1
1.2661379230329017 14.698562209490513 1
0.43744560060398063 12.559290589700339 1
9.954632086746464 7.684285242176565 1
17.451906987755656 15.486521496482963 -1
0.3652206026837823 5.563245425593615 1
13.328615986791801 1.8452410346021253 1
17.033115369977125 12.267250396728638 -1
7.821365138451255 1.1138788543594202 1
14.333580963172823 4.958469819451176 1
16.282620045030583 4.59748003923772 -1
8.125290389323482 17.32817019230317 -1
4.53282100034558 5.873662451002821 1
7.977811012746696 19.589950807563664 -1
14.592440362647318 10.470007765181125 1
11.170345016521434 18.87904034345088 -1
12.55181058380084 2.712951706060096 1
18.730898049325194 17.382474762090872 -1
9.24828968129974 4.114013838970719 1
18.492066100746847 9.763271131264213 -1
19.439837858014698 4.7099971484567815 -1
10.471671676224021 16.3049895141066 -1
15.80863451725011 16.449562721692217 -1
5.843506069137883 13.691351675095298 1
0.3978814688830967 6.019368114963033 1
12.345470284326275 1.4488732517512926 1
17.97946753212393 13.428737784278972 -1
6.179432092722892 8.818748848251186 1
13.369717376184525 12.222620143988232 1
3.2891552288994585 4.187496490736113 1
7.854956975482688 17.368360200219858 -1
