0.31727112623551657 9.408218744052075 -1
16.207427709475766 0.8608096843830215 1
13.458311151282432 0.3415263852833639 1
11.995388248601824 2.2239391385373564 1
14.665464931307374 6.395250304313739 1
2.0184963666464095 17.206228559328604 1
3.9979937496156848 0.716814964302559 -1
1.4793032553102603 13.384384843785064 1
4.350588784834246 13.934244619672134 1
2.1252505343739747 18.394205086770395 1
8.70753726706007 10.249044515052656 1
13.51849427333944 7.770821184785753 1
8.152974389166472 18.514446864480952 1
0.31848063421503925 6.754119685401303 -1
17.05385708783034 8.607258865983859 1
7.00365417825563 17.392939233295383 1
19.508060766810786 19.35856709038743 -1
6.94697406699416 8.551213089865072 1
9.45079223416146 5.890586253758878 1
8.873198606791048 8.31371814837315 1
5.7382838816804345 1.413979911472556 -1
0.464163809521132 15.808660661992855 1
13.078523297941969 1.372000070474606 1
6.241580216073177 2.6088256224543094 1
9.854550167461142 16.274831145944624 1
4.845141271153038 2.642580251107176 -1
14.68663098489062 3.649554565150679 1
9.437026115360677 13.94051917571204 1
15.005412235451558 19.23817930730696 -1
4.202153116796417 15.563108145957205 1
12.958920882456672 2.908213743903898 1
9.776827899888968 18.699175278932966 1
16.65207583757852 15.697294548008223 -1
0.9267101821009205 2.19466402628679 -1
18.018143713408804 10.995401622499518 -1
0.908300081865967 9.66557067742772 -1
12.547362168398609 15.075241607391645 1
8.68643250877653 7.86852917479793 1
10.64873117286345 10.013396099011835 1
17.54354305374348 4.147040363003802 1
5.596750558472863 15.501868919916822 1
16.604756688634787 14.54086496698725 -1
18.815674971589715 15.131698623598632 -1
10.416125931769972 3.540638205649904 1
19.67962340775189 7.4373335647141525 -1
5.951628203181549 1.4892954525833368 -1
14.057673206655256 2.3224943335297055 1
1.287819305474105 6.276422158761427 -1
13.508845414904052 9.44528316936436 1
5.673305692419827 12.241180599027597 1
15.332669447076102 16.722334681462414 -1
6.833502926839521 1.093994668916427 1
2.6067955239568485 14.318820723672872 1
18.089401776841157 17.186701179505928 -1
12.893909698616014 2.3231684009753706 1
5.232370765228092 12.605416776764624 1
4.475978428777793 8.762376545575295 1
11.08528423702018 6.329887091380291 1
9.774640996270715 18.695837191133986 1
4.293560100939812 16.09762907323608 1
7.042341954380323 14.832617378257337 1
18.127965304034788 11.630706064213882 -1
3.459579321779973 15.449174034039482 1
14.944330510733659 3.5274930802490467 1
5.449426112499727 6.341509559056419 1
12.433600033905869 3.391344990273908 1
15.321267465458956 0.12781620579842334 1
18.90891539488402 7.662588157274457 -1
17.281463742925368 18.42466728230957 -1
6.614723456429925 10.139803369903008 1
0.3994533609125295 0.2518701498062992 -1
4.406172644155135 16.320888380784318 1
11.293564647510255 13.478107814098102 1
14.135346428517334 16.46392886946918 1
15.101609958958761 5.201538931677638 1
8.694161119581674 13.66243378532738 1
9.727102085262922 11.666543339949115 1
13.902040627467635 18.24901403725041 1
5.4027198677562644 18.649854362099475 1
11.289761347799152 10.486136357501808 1
9.28843130026856 19.206324895945027 1
4.319131869236479 19.77208521804513 1
3.122458491448681 17.246623165836084 1
6.691474704404627 10.484831744301184 1
10.86906237811137 12.626176855986264 1
18.136132336137262 2.1060040529692547 1
2.8578889105429672 16.256721683569584 1
10.433520829195828 4.411713639836467 1
13.085413675278026 2.2088328062983575 1
14.41553224013661 17.28651007203344 -1
17.149801789299914 7.855860852768166 1
17.299354879782133 9.111264643130884 1
9.716267968202647 2.816709640800865 1
8.94908046310543 7.695326703112371 1
12.460824431201235 2.78694656653498 1
15.522737629449061 13.367816825700045 -1
16.116063377885958 5.3047371159286305 1
9.450672166987282 15.11245667170224 1
13.54341989980788 11.080162074012573 1
5.804479568734802 17.524866381438777 1
14.68213361715689 6.7234718009074035 1
6.853977236582567 8.890792542345318 1
8.775904647410641 2.5398934979824728 1
18.97297994665991 18.828259951307643 -1
14.454034235869244 2.5156175794575097 1
19.042927100875424 7.706166438966839 -1
14.044607803961904 12.701628858525076 1
11.116693682986043 19.44638697911865 1
4.9230677719739475 8.909082980032128 1
8.343189772288298 14.335962459828922 1
17.750300419677977 4.961950337274885 1
0.016646342386799073 19.120498820157014 1
9.130145526840792 8.709691977134174 1
19.10275437508141 7.919422827892488 -1
14.517015280603474 4.58474942607827 1
11.707118926035607 19.398277187021083 1
6.130097829688914 18.696681670062233 1
6.689753363154338 3.1527639907229266 1
0.18138514349231194 5.286786631739697 -1
10.992638913759464 11.40378234017211 1
17.90057065851154 1.8241066108734172 1
14.235645337594631 10.872233859742098 1
5.640621648424567 14.105721059326882 1
14.749387838369366 4.096901670424991 1
0.7736218234587144 12.4312767804142 -1
18.4518859191727 19.47823608871716 -1
12.137265586734372 5.253737357173643 1
11.83916227235101 14.975424759534894 1
6.4681517488429385 7.665352709497453 1
10.848206456883974 1.6536372330928129 1
15.558826163308083 18.659894004946455 -1
18.46400610811887 10.172874059772855 -1
2.8012845929288455 3.319225787158051 -1
5.680632051051095 15.829396250114126 1
12.330439781816365 3.9043134243676936 1
2.789643412424998 5.905206996843965 -1
9.156835486729877 17.287804421844577 1
10.957360907261391 16.850629052102686 1
4.478670611299318 15.247346387623415 1
17.66583584560172 8.219522958377974 1
6.788976799752486 8.845836034630466 1
3.830628005990413 15.29623580091589 1
6.444578843308372 8.456831948106771 1
5.271783346405177 12.997898869961437 1
9.039239362922416 6.9503848052441075 1
16.702680617616505 9.90522287845005 1
1.2241826233143627 15.136576874863026 1
2.514707719358118 13.169473558907686 1
1.544964089830998 5.771093808896685 -1
5.37399326703714 2.5628351512766057 -1
18.41443494622551 15.25917924265431 -1
1.0097260534415131 5.083910717209896 -1
7.517338585431528 10.651355786044022 1
15.561838501721043 10.299628229097873 1
11.74284611908474 13.606328056625518 1
0.46915524816116827 10.999363197070886 -1
18.167134630358458 2.7035156696316065 1
9.117348965022355 13.756608405052233 1
18.658872335731978 10.81969149354897 -1
19.329359493222103 19.638066215280794 -1
13.35627949087175 15.241233433295791 1
16.269187575625637 6.569556715521749 1
9.56519575109443 4.765532344151692 1
11.44327557033755 11.762677878499503 1
2.55337828370368 0.252127255826462 -1
5.221956397564751 15.125672407064243 1
19.26702568959881 2.9161648776307647 1
2.6667363170671843 2.726502503330359 -1
1.1713193027290747 8.113827502515171 -1
5.43746532302126 3.1456523971345085 -1
18.217536689613784 11.451383815245087 -1
6.166715349294163 18.950712312021462 1
2.3650847521427387 8.756563753868203 -1
5.9269868310085405 0.5443376948799195 -1
6.137581214055232 11.782989021820573 1
0.27962396205999385 10.281695378088873 -1
9.367888511263839 7.475407186669867 1
14.882623755600143 1.0230476900118601 1
15.58778870574904 0.2055319826972113 1
17.74777987809972 5.181658664731441 1
18.44377216733607 13.595300223630302 -1
11.97591081337899 17.84672895470147 1
18.07118539041698 11.376405439780724 -1
0.1621750385061893 0.7056061327161989 -1
7.534779302315666 5.191990243173457 1
9.651781443125858 12.259044681907557 1
10.244457085704862 11.328406575564124 1
16.439668810388394 4.217818525429835 1
10.680835544725758 18.072001202750446 1
4.746016088063813 13.98852678572526 1
2.815976157085016 10.717892883607618 1
9.162726802406896 8.800959725158368 1
3.2904589919291505 12.214758626129443 1
6.75430541082799 18.298919916407044 1
19.70872665096961 14.011661859400279 -1
17.60983717648099 9.310937629395088 -1
8.3404247886077 13.880000764966079 1
14.08104859479086 9.036836584424094 1
0.06623995418181927 5.315673799103548 -1
11.304723007422863 11.030640119902081 1
18.582510105928066 16.583598090627984 -1
14.596012622320231 2.1298545833706006 1
0.6796808215742156 16.548747498995404 1
12.912480045595967 7.875671242104825 1
14.835445244333016 9.144903942799447 1
11.826978793076213 8.988179929392501 1
1.414194481813571 8.664350080266344 -1
14.310762755689709 12.105218151323147 1
5.440191889031638 4.0087646003159865 1
3.116499839726916 4.2629929468865635 -1
1.2126488516686695 1.623606708672396 -1
14.664143665370826 2.491166939872287 1
16.95668184071983 4.04531353790566 1
1.070894053200817 7.4146160663472855 -1
17.254895830853773 13.822660225381417 -1
14.32977262219391 2.8985983485721745 1
11.18012875694254 11.030672024810888 1
14.629599327820673 12.543618132886996 1
4.8506718496843915 16.677495580670275 1
3.4224596514269146 8.230781029663834 -1
8.555052634128435 4.011683958211485 1
11.083015475587867 5.937982317412427 1
0.6442701352598923 15.069365196285203 1
8.86730518195347 19.691796195891662 1
3.065126436464669 0.7578090245735458 -1
5.366955484787946 15.78946330683083 1
16.70910084511609 9.353930893181042 1
8.76800625029109 16.31991147176209 1
18.6769838565843 0.5032983565546423 1
7.961836903406773 3.5322628024198988 1
18.110272577143643 19.63725478516131 -1
7.918960512736084 14.744833460400644 1
2.416106107895941 11.18277901376418 1
7.724730297237845 11.257138422910076 1
1.5133142359359941 18.02175939449479 1
13.289293546430416 14.121961759401096 1
14.152910193239288 9.363371007974461 1
10.98239611218174 4.654082641005745 1
17.417166741049186 19.525283280554536 -1
13.30693588872132 8.196767829612636 1
18.177172493938546 6.07646364811619 1
3.213433000094361 15.93668699890549 1
3.5895640043720967 7.376357354938112 -1
9.770873358457948 11.452428453804519 1
6.638901630275546 16.75227447861914 1
4.647661934139215 16.20132450625761 1
2.282934897263653 13.388828025103393 1
16.219697257607436 11.293836742119272 1
9.933798162744871 18.460315053234254 1
16.11087230224417 11.674267403262045 1
18.80894459157423 19.118948614688463 -1
1.584575463637341 3.2211110335223747 -1
14.111413445985031 2.6588926293508486 1
16.443052963513495 3.29987363938975 1
4.049807740265894 8.508071014002748 1
2.954777120522829 10.945736124053635 1
10.384141181434485 16.65676859767806 1
17.81823728741618 14.122958207349352 -1
8.484488156458362 7.714052601358645 1
16.283866723419216 18.402451061612027 -1
6.815163666361379 11.990098708990653 1
10.29408024321825 13.918484023876633 1
0.3079229700450026 12.834511729835288 -1
18.864698963753725 5.610018087090889 1
17.263478983746737 2.9177850025167795 1
11.919301178839909 15.521688049941906 1
5.221383685531611 11.22505501578236 1
2.401337431346 5.333992177001619 -1
7.66413217375129 3.238356898075465 1
5.727110803640157 2.3117736166604463 -1
10.472107798905416 7.11559735569182 1
0.5060227288584596 2.504615485601571 -1
4.721776482234099 14.631514187762082 1
9.94274960681042 11.302292547116512 1
0.7203221888722866 7.22790461326796 -1
19.449311754081428 3.342967913581638 1
17.09568936618083 4.727449836324496 1
12.733262335355803 1.2913407388171638 1
18.31178434067732 7.097482436521078 1
5.99151951680704 6.148490799760182 1
4.154370990637608 18.1070851770164 1
7.8276350182876016 0.5246939262301886 1
5.53396634313708 3.8029338451462102 1
11.123581818529832 10.701014217780829 1
12.37784378753222 8.436332282826783 1
12.33541752187782 13.325008033180474 1
11.434004587854862 5.805913965395398 1
13.545468522600167 8.23041157978324 1
4.485786622431425 4.937521911324869 -1
13.091956483471678 10.140207705315259 1
10.776545028630363 15.604805595786196 1
11.710269468358796 18.907005025498673 1
11.369620500488448 11.401107481682715 1
12.858367122138489 10.464190561656446 1
7.719604098814575 5.905239063471721 1
18.26208052170451 8.805849024029724 -1
1.9066750362926665 0.9407827370567667 -1
12.704362962203987 13.082971798531695 1
1.7865735054935628 15.010584375951698 1
15.69581136858834 3.298015219731205 1
10.73456141056062 14.695130256413096 1
11.90207599125804 13.099389383333506 1
18.71248884924026 12.135538978938182 -1
17.067045077083613 18.822003416254205 -1
9.063874928904326 17.67892639903704 1
11.658983159436948 10.189504455176 1
13.742697291863745 8.345933015579309 1
0.5800685013280171 19.988406647553415 1
8.607351266488292 9.987234299938327 1
14.018074274771738 17.543809272283166 1
19.962037217349398 13.827887467795353 -1
11.882203701998545 13.970951802652714 1
13.703604133171133 16.555399919567982 1
12.253378244482834 5.946382538584743 1
19.232663469291612 7.189433216850518 -1
12.892561989812815 19.13704151779497 1
1.7135682939315888 3.678085001232232 -1
14.088975415443578 2.4451010220863645 1
18.318637219488608 7.4977351955998355 1
0.9933473394506831 9.870924614223835 -1
16.767771059814944 15.49045596293327 -1
4.069622947471043 8.066048340571454 1
17.775413007919674 4.755031606685556 1
7.411833909633378 4.542617367956437 1
6.942560505536295 8.61465706359244 1
16.411116055283298 4.025231466329268 1
6.18233947557705 9.516419415112187 1
8.621140691463882 8.575702740783198 1
19.943413379965094 8.1746917877689 -1
14.65850832749134 0.8907412061065134 1
17.296303201128886 7.35261233174024 1
9.587932342102459 9.56713030588845 1
17.373446942313937 13.382836467492536 -1
19.480323048173208 10.148475403615668 -1
12.704641848640232 8.860794896535634 1
2.695167586753311 6.4121441463396796 -1
12.66526230961592 5.900713810614575 1
10.92687083178298 2.6245508389962136 1
17.555449629829308 10.926692768638757 -1
11.168021116792504 19.38746160885075 1
2.754242505232307 19.17814841714364 1
16.480806540023515 3.2175334504094866 1
1.9433972647723174 9.940995200053887 -1
10.831105880442708 13.145831532171407 1
8.571430260777372 11.972929717796497 1
1.2280471989349406 16.393600484199684 1
5.529198832265719 12.673243690546903 1
9.025116478418479 9.575089915125172 1
4.434110996376413 14.254610227684205 1
1.4771744970961698 1.8977765667654567 -1
7.97084337242246 15.506316691075892 1
4.511024584261181 12.474848051147356 1
1.4122252865856777 18.695460228026086 1
8.1554523748766 5.134350897075293 1
12.744720801490423 7.734637317352833 1
17.189945760682768 11.003927369054889 -1
14.748738472064407 15.951707215847042 -1
11.309575686043015 11.669613231634454 1
16.934762534667026 19.629224851152628 -1
1.4668066544865366 13.851675857888132 1
10.412087999037423 16.938181979608814 1
2.0392850610188495 0.3100306129861874 -1
4.567728910095581 0.9727177360257011 -1
2.085934474581488 11.086282252707347 -1
10.858836593673304 10.29949829962609 1
13.19196529420535 14.208982993033798 1
6.072760978596814 0.7674910802046586 -1
16.266696990600373 5.633220922032973 1
5.084656770799814 8.280891856508356 1
5.146355977162436 14.455194156392741 1
11.443325623077214 3.8199968203960277 1
10.967315105649627 1.3369455709634193 1
13.041767184489334 19.201840727118537 1
8.013498107558139 5.595973859885069 1
9.679679469783073 4.904448814189513 1
9.104974899596812 19.55896216746204 1
19.500954515574676 9.735595584486605 -1
16.583041968417373 7.548399993793192 1
12.089972657726474 6.208976693439075 1
3.56036372962113 1.2654029311373538 -1
17.43629380403584 5.1977430242505545 1
19.343042540776267 13.35156636674012 -1
2.0281231438584935 8.76737894198688 -1
2.7947532611191206 16.557226278578515 1
6.010704348585094 1.046924918656451 -1
7.9013646150289585 17.21301791626729 1
18.6465830573507 13.579594112701269 -1
16.90775952912076 8.59617127009263 1
13.240457508658075 3.8008445222589926 1
18.136825503200903 2.302501778197863 1
7.242119882944779 13.124018412025586 1
17.963898879994517 3.8795865345227476 1
18.416765633522857 4.570676418901414 1
19.408196474354185 2.7461579540075 1
13.772743672486191 18.964794080438672 1
13.416070340631501 5.817262067981483 1
14.362577543422947 13.417015355452866 1
13.149195434718939 19.274274284000203 1
6.123900829427436 16.15719366778002 1
16.45408311587552 13.563388204515878 -1
14.602699803688257 7.730476730545424 1
7.177586759349945 12.975728720453208 1
9.702058959894346 0.15422448282877976 1
2.106362890633122 13.056766131224899 1
15.525378008415021 12.840085720939783 1
17.046517667658605 6.61225001602777 1
9.933810636669996 16.91757935917088 1
2.922952806209833 12.2223964810194 1
8.613455973544248 18.05257183707529 1
10.76621852351356 7.945614904226694 1
19.248620122654696 11.936057867731835 -1
3.0679393600394977 17.287567842348498 1
2.823238562277808 16.325697396771556 1
18.224187064528508 14.530910353998019 -1
11.123336578820048 18.85458247888184 1
14.649429082131 12.16557306018675 1
2.1891875165558172 0.778744010206196 -1
11.631986176404755 4.4289859788114505 1
8.766600932459328 3.416937827804163 1
5.115195955598047 7.860179488942771 1
8.732569908058387 16.243282435892166 1
8.326773875842512 2.2912196688773467 1
1.0212685896475904 3.4253511785341173 -1
9.542130053956248 13.843972875945061 1
5.75218843344373 9.057350049790847 1
12.255700035271618 15.269724358055473 1
3.0629765088184224 10.420049541928735 1
6.647608703657653 8.36370535750243 1
1.5753154024599092 3.306164118504895 -1
15.47128568169516 18.206117653018794 -1
4.472977862451907 3.7819078176839893 -1
2.350917813326421 9.62577037543861 -1
18.846957706491267 16.712487519094903 -1
5.965915379583116 12.551982385231142 1
12.263368184420752 12.961318200253281 1
9.712844827177335 14.814927992552693 1
19.435576553327753 14.37978537826506 -1
13.173564043539068 8.474139366269227 1
1.4328284651634093 8.53640877884083 -1
19.081573179255038 18.899408630311434 -1
0.03338761659045897 3.591283760032198 -1
7.4668867535262695 4.59786323826841 1
10.631013711591041 7.803727415220447 1
17.272997470801524 10.175519452283075 -1
18.529364938566772 17.868063063170595 -1
14.977796047619902 4.841157484616314 1
5.50970632442108 5.6045273232152315 1
19.6135908865175 4.504873817026526 1
16.233077066109058 3.489311413650049 1
14.069646473386669 16.79322500610332 1
17.338862362809415 6.089767602368084 1
3.67394481708319 5.197378901793266 -1
6.027476523176098 6.677861027604739 1
4.789159664543736 1.0902489865495246 -1
9.465677052519714 16.126963808534015 1
18.521105498181672 0.49309402314030804 1
1.5287703546131537 4.654129402783436 -1
7.626208978940072 6.241613747594668 1
9.194792392095486 6.052006731307382 1
8.317837915191577 15.596094606800063 1
7.331494483877597 8.761597403726826 1
12.909589364919984 8.35969149254151 1
7.667770084029537 8.46907745746925 1
14.096936568385733 1.2134634226136765 1
15.416920364364064 12.866945055541228 1
7.166900879843472 0.24631674132371328 1
15.319959052895758 10.801785086006642 1
2.538709324489148 5.552530178793824 -1
17.802913537792186 5.237969213899083 1
7.776666312416751 19.289078081779024 1
5.492882416565628 2.2986466802270678 -1
15.579762741118019 1.7294928632408957 1
10.513376602624408 7.102408843518633 1
2.240812971735342 8.620544717962062 -1
3.78026199660344 1.1960404418799642 -1
19.681208384430537 7.542537306818535 -1
8.94539218266339 6.090806394089956 1
13.405636561495626 10.993563252130372 1
5.685814621694227 12.741752735889813 1
18.584419569592537 19.562584631022187 -1
19.712200335947504 17.76652430037723 -1
16.959381821637265 19.825737561778073 -1
10.170940247349339 13.782248907531255 1
18.382462365725512 8.494792144654957 -1
19.04012793124486 13.446047926684997 -1
2.534552938489194 16.866229443524944 1
1.6704255659191758 4.616786881523176 -1
18.735322993370996 7.763929454329006 -1
12.797600706974016 17.512692343290574 1
14.743091832948615 10.937993332270144 1
18.15429311393608 13.821501845744457 -1
9.057062161661417 12.276757290557718 1
18.234358669095776 2.426846192181391 1
15.472538966893513 17.208580234220925 -1
7.81391552750331 6.746587416547598 1
13.503015642010805 9.314532751407826 1
12.50900062542093 14.635872562896717 1
13.771305389626484 1.4426258213333543 1
1.9505236116486224 13.389697565059418 1
13.585170880457351 8.508768316465146 1
