9.552319373826224 7.714321256690619 1
17.503021079450782 15.644710053414055 -1
14.22180772909872 13.562851959994141 1
14.679049191501337 5.052666599902665 1
5.61254932695066 3.6244954997069367 1
16.434392805900234 8.014633731686168 -1
10.721503237316854 19.95594498048124 -1
5.022443628555835 16.600885855773587 -1
8.211467350373825 8.25246496186599 1
8.356880519685346 18.600476974683332 -1
8.032631537813145 13.039347749926664 1
18.990531636219814 19.94208894447314 -1
16.73888319005073 9.376753123776957 -1
1.2673240677979458 8.384434295696824 1
6.155726084957234 6.610773574586204 1
1.6576890016128965 1.128183966585441 1
12.919952187446864 5.348088330126384 1
19.96358960750761 9.958432042882963 -1
16.899487277282994 10.101108263358483 -1
2.3801002629687606 14.1087384264546 1
17.615122407307236 16.945043416840168 -1
1.3262651359446864 13.24481848398223 1
9.524107151093471 8.04784948819034 1
11.508730582182471 0.7979836083463243 1
9.388877906484685 13.078554845468204 1
16.85743830164132 11.335465145645472 -1
11.942464382850746 1.268983917097486 1
8.773439137940631 14.736789711268266 1
3.6754077969478804 7.29844050190656 1
2.5546762605051465 14.652398359591166 1
8.807298876133167 9.190430105853409 1
5.916359352591456 19.052738927564715 -1
16.369324274084335 7.055047013983808 -1
1.1983393341350679 6.633092261275808 1
2.8125018075152064 17.780169248440906 -1
11.15267253251075 14.42141716839609 1
0.6695516638265908 2.669146788107759 1
7.130344805686724 19.143542342313026 -1
10.536640390930405 2.5421916233075903 1
8.036900086109364 17.732050876160784 -1
11.004518749425255 7.96321427839461 1
8.60251633648739 10.822247375056392 1
9.15684354911783 1.0233824746474296 1
6.312834193715517 17.160616928538804 -1
12.866771215990596 9.507203327604563 1
7.772634593549837 16.55822730424343 -1
15.3611747552583 14.286471738482716 -1
7.3252429713252765 14.353547454854741 1
2.38513423845222 6.431949281853018 1
3.4263181636855355 1.306196132430688 1
2.787616296249864 1.8021729918961427 1
11.571460614722982 9.425153546126063 1
4.4625508427436795 7.763327404176188 1
6.502862712330617 16.44201813917541 -1
9.317789581601021 19.213638568384816 -1
0.9710013971855691 9.471896385016791 1
3.307713399874448 19.23028488142094 -1
3.503156584937237 1.8615752523788198 1
10.553535302356355 13.426350704256295 1
13.431312924655774 6.306629628050866 1
4.188627144729606 16.49987511831704 -1
7.857801852125017 2.0261666101775244 1
0.8044841735091635 14.476582662584153 1
12.287795451657562 14.115935754852487 1
10.236214883621033 6.792420702910005 1
4.333569278246516 9.157560830229091 1
7.914732676584173 8.63154210005103 1
18.19621979817419 2.7436839420579884 -1
3.126099845279493 5.829926137620436 1
16.556303548574327 11.785842141345919 -1
13.256761241367501 2.174336434649493 1
16.055655620589427 7.30393411381749 -1
1.466686419135812 2.070870743421631 1
12.728410662030845 11.85315405601129 1
13.220710624571431 10.326870840440925 1
14.540048090341953 19.826311299263825 -1
15.721664857732913 5.184498510064623 -1
9.619051424260498 18.576483377859464 -1
3.527143642609949 10.763816392168643 1
0.8165584586837671 13.63697509787859 1
3.4950637104304216 0.7177402172255354 1
19.90516266616429 12.27259910050137 -1
12.69142217237574 6.170763307262153 1
18.028798365554028 16.178310618306988 -1
14.006976810301634 17.907883258399977 -1
12.941435636126084 16.3482754317211 -1
15.967815401323694 5.299691592622331 -1
18.12308216264419 10.970464946493259 -1
15.588091710628461 2.5941222572451927 1
4.037374234131709 0.6589222911098025 1
6.101474456158062 16.97487925913091 -1
7.5958221912826644 14.41785416758388 1
5.021134620976746 12.181107249299146 1
12.31955553246464 4.43875147208095 1
2.2163880503237587 16.502376984006904 -1
8.74018934806398 18.16376604055156 -1
2.557374385476854 14.607623263835334 1
12.257224936934046 12.005597494996824 1
3.1674565147731615 8.93616863889537 1
3.970169392280265 12.696184691091796 1
1.436289973467506 18.27351971791027 -1
8.92934351593577 19.443523577524346 -1
16.684793934825734 18.65415118317104 -1
15.80013360278971 12.907957504361736 -1
5.736545664255408 4.87801436765406 1
12.111214337872449 15.466335176217187 1
0.6383968006730312 19.6970499130752 -1
0.05805587750760788 11.314437586658933 1
15.386383909578377 2.1225052790338417 1
9.258817712197038 4.665130184337787 1
17.75130007021739 6.323400032970941 -1
14.910492647980444 9.63171706022655 1
2.161569177676801 18.231002599130278 -1
2.468973084897701 6.342999448231108 1
10.089339233252428 8.233717840904077 1
13.277460533449226 4.4185853053406206 1
5.499006620641027 5.241319103586484 1
19.49345733467667 7.140018757204296 -1
4.655653133753573 19.916984895162766 -1
11.215325573665151 7.485330543109779 1
1.9541585871383393 3.0201320463276793 1
13.88520333011715 10.651645224166044 1
6.418047480391276 18.57257307338298 -1
9.845842094107667 6.772511273550876 1
7.130384163291589 0.9550503698277257 1
14.35470387473089 12.243645353899922 1
0.09734262616418743 10.060734635950991 1
13.409453105717013 18.402825946148916 -1
13.908328489103457 19.276807997659496 -1
8.414742665006303 12.266685746630476 1
7.044835531043003 7.334778797750694 1
11.020986567501058 5.6092024600814705 1
15.803486586163562 16.96470847592015 -1
10.391586478058137 5.873702557885503 1
8.53699516718547 10.808065625529448 1
14.705867907790394 5.242232146025765 1
9.280064420718876 18.188446900674663 -1
8.880750826266974 12.643181705394596 1
11.815521429624916 5.108939211965109 1
11.29497553290922 7.560075340158208 1
13.849265365111762 14.239434547020299 1
13.725474040567619 14.21147235152662 1
0.20088994123658166 11.676723642138962 1
10.756264040372832 0.003962755229727222 1
13.780123440561526 2.9047493056947538 1
7.596022897622365 13.117256562297925 1
13.607506109361637 1.6519086208803935 1
18.541280524274693 10.66241752415252 -1
10.251012249351918 12.23683898195839 1
12.247949702365386 11.061304078953327 1
10.78859961457825 18.513652001978326 -1
4.5246964547996775 12.127323462086057 1
17.76995381062109 0.6721013077313454 -1
4.537430944699949 9.784635550186366 1
9.638976281500248 4.917718488133051 1
6.114983946793611 11.444962783330242 1
3.691845926015185 10.45146429444884 1
2.271812657241188 2.768215859431986 1
6.883758661104413 13.187985467933775 1
8.114361134499852 16.865149266048398 -1
14.660745849458792 16.2960968870916 -1
4.973483801200982 10.95731147512261 1
3.4812362977803923 3.9146360037935524 1
6.906123695475683 17.091584720487948 -1
18.80532098968798 16.29136922551796 -1
19.63520504248188 0.7136234745626524 -1
7.067953583337254 2.1121679999760135 1
11.54750348306495 13.736558644245369 1
17.51560307869469 16.93218934431069 -1
6.54501797036688 7.198335980765396 1
7.774159002381289 5.390342395866156 1
19.34616132666176 12.68311936727812 -1
5.629163836297078 9.282843514880533 1
5.25886107779078 11.3891921099421 1
8.737739349962308 3.59119539030607 1
8.498451531874567 5.05784148759334 1
3.8548406663692836 18.20446333574925 -1
5.799010552034105 3.9347322516040295 1
17.644767643286265 14.34524067139176 -1
15.367578401858905 13.517311790839901 -1
12.262134438258677 11.603243347487084 1
15.156483668719412 14.048813186466639 -1
10.62478309298501 3.999985316447392 1
8.97977083803404 4.55146516025615 1
18.664408037935594 1.6525368975873267 -1
14.175516132428552 6.6485361585940055 1
4.828938263240343 8.373885187561523 1
0.3165960865097861 12.506885964677414 1
0.7240084874618469 14.941953584718139 1
4.898246537460606 15.938708516448907 -1
1.0191277629396245 12.788867212691953 1
8.981547480123908 6.033209858322655 1
5.607436697962913 13.50658377246013 1
13.447732852105823 8.645962419926603 1
2.496230169893068 15.834537076154776 -1
14.819018748754472 12.655742225122388 1
16.018691678003634 13.689474843074326 -1
18.52741904978244 15.105657463211905 -1
1.6955860239518161 6.317204029840968 1
7.06379751263335 2.1774265621795785 1
16.4389137095872 14.790484234374182 -1
0.6151885623290854 11.404692051642176 1
10.777837779604084 7.8468453722896765 1
8.599204687428442 14.61327858809075 1
18.4004516745495 14.454635271350838 -1
11.930117165369989 0.7833475511950838 1
17.543255298946537 10.515133217253181 -1
17.90199587553183 3.3604216058931846 -1
8.623478298510571 12.753098600451029 1
12.250057053662484 7.4992898997722595 1
12.997672328573316 14.117652804405235 1
16.252160860053007 9.306836373168093 -1
8.8432801342829 11.909926877284601 1
0.6581794684936648 1.3568552320950311 1
1.8981609685469825 12.373434824816156 1
12.785735636826667 6.581963840286235 1
1.156345902886764 3.6276665587423595 1
18.2965925848628 16.10474346232533 -1
12.606564957633841 12.594926096463158 1
4.9687617598296985 5.652271774151682 1
17.71337807692141 0.9649692348947414 -1
2.2051687260389774 9.905245333146667 1
7.579021614188499 10.261526277805748 1
17.070509670491024 4.464920797209581 -1
18.58735534775571 16.719332759151364 -1
15.323697762242144 1.078127918499514 1
0.8195940019281722 2.9498121234740093 1
4.21409557088253 3.342651736921305 1
6.644765943903979 15.268093866993887 1
2.735498227839621 17.322301257485464 -1
13.626140626784263 13.073578907250567 1
14.582617600983031 4.333015659369686 1
13.248142273271169 9.820795240193261 1
9.230607931189505 1.618396620064042 1
4.956542892967146 13.886817983196698 1
7.358932386341679 0.7150766778363682 1
13.618018495760873 2.0360580945553353 1
18.266680078093287 3.0153747607198356 -1
17.74342432995425 18.20276145120781 -1
8.977199355460455 7.366711145188205 1
15.682435985500724 5.956079522815616 -1
17.405707726070492 5.504295405781883 -1
7.485475709061282 14.282116027092647 1
15.264319704675014 7.695625125276018 1
11.24212559074759 3.211881647413606 1
0.30470542163822056 13.182366479584589 1
4.443521402411168 18.343609781892468 -1
12.049390108284578 17.837219563635546 -1
3.279484051134931 1.4524391163365213 1
0.3384683046110437 14.910403868117275 1
5.769442742088335 18.14997787384807 -1
11.8193017770004 13.822425797751965 1
8.239478397707945 12.950807377402842 1
15.932541256894424 16.666825440758053 -1
18.89609149711869 7.122516749183749 -1
8.998604515428683 12.418635313748123 1
17.110597334536596 15.34037900923354 -1
12.684511078218058 14.801299548914686 1
2.5163105671674257 13.43732473947744 1
1.431765338576183 1.346853393303693 1
4.133977615899225 1.4343900972466184 1
12.35175977971208 8.391179917806744 1
16.479195457629878 13.556354508472575 -1
10.645943533268587 19.578194448189247 -1
16.968826354977896 10.081805870073751 -1
3.7837951070162568 13.90384759724662 1
16.93171378401914 4.646412710459558 -1
18.47240829720277 13.412851219419895 -1
7.142271301371617 15.012706541653372 1
15.877286698070417 10.368086374224028 -1
18.03381234701215 15.339214282677275 -1
2.6047251628597934 19.044657873586626 -1
4.611756298078307 13.626301531317765 1
17.63193218291485 8.25761603844185 -1
6.575136327626976 19.285636121594138 -1
18.67183391173271 7.314375448079744 -1
5.268113508216842 2.674694050209676 1
15.385278799428306 0.28990975459632695 1
0.8214819482542879 0.9572762244145694 1
1.4041440370843694 11.354820720843815 1
5.2074315592909866 12.79552318326485 1
2.3046246833207706 17.34341739935214 -1
9.919114450584773 8.148459022356867 1
2.4707726958634812 2.830967999459739 1
0.599849854162029 18.846610670502354 -1
0.21412495927369157 17.696325140118784 -1
15.185069308888437 10.631801778733546 1
7.566051655028994 7.478145650251509 1
16.983401623799008 7.995727744941721 -1
18.83522872869592 2.7899708784046418 -1
19.61156629451327 9.4204704104162 -1
0.3234250436671715 15.641452242853259 -1
16.811028669404372 12.518623685015228 -1
2.5185710379066872 17.720044791773965 -1
16.912658333372853 6.090252271703038 -1
5.634865459232728 8.519521730526344 1
19.078897074506497 19.258420560946593 -1
19.545443389016448 19.658695044217865 -1
16.441244921301937 6.614565467486089 -1
9.953931580402864 5.8157543460234695 1
9.864135493512364 12.69952045232439 1
14.076971794700208 2.410671326231668 1
5.304567419689605 19.165532979794207 -1
1.1605979641194897 5.500148742765633 1
7.600124254230593 13.609130957445972 1
5.829123107913445 10.30662137702656 1
14.006319125512894 10.334249966294003 1
15.56596930146074 11.384849825954742 -1
11.917454347660687 0.19954677799838505 1
7.5516663925710725 19.636675385342024 -1
16.943490865447586 9.223359252791397 -1
4.635018601602203 9.216545270190295 1
9.878690055988331 3.7643094419176593 1
15.389216771762161 10.827434464368281 1
4.086076812540389 13.86507246802421 1
19.005467687985057 16.9888333638516 -1
18.435051758885237 15.741366407704085 -1
12.202479727835698 19.565496756140732 -1
5.167767086572046 19.417751097730463 -1
12.380931445546473 0.1776828088501592 1
6.933149241786238 8.156355934371636 1
8.927831188545525 0.07063750992720941 1
12.715752879676907 12.594179392853126 1
12.876458061209428 7.603117993861341 1
8.49988845374149 14.399149540133555 1
14.053348244345953 18.721774454795934 -1
15.247767241081416 1.774651306481445 1
14.394585057359501 8.62024515423358 1
14.133677121133273 2.2867651719688165 1
6.289420317596484 1.2388418144306312 1
16.964485623399337 17.257995496774146 -1
5.61003963521554 17.342753383719035 -1
8.330053803982977 16.365785740392077 -1
10.512070082893512 1.6236969828117664 1
5.2654151357990076 1.103667574010394 1
19.141204170903034 14.6020099345375 -1
10.069866844219057 11.407403741164103 1
2.057097120975331 6.063182761795578 1
12.416393477236607 11.018029009653873 1
8.486476424218374 3.344874085162659 1
7.9981264515270105 4.0482184226265865 1
9.443182993149794 9.997480057057436 1
2.696826346059107 7.737942332610654 1
5.303646345974132 18.17336078425989 -1
3.6216547370244667 14.52990815754925 1
10.602073251888422 11.556858883258469 1
1.3547814679502967 0.3648042657404149 1
14.61041591466964 14.729270452549283 -1
1.3536603676495118 15.490907905440361 1
2.6939641966886185 9.569971068563854 1
6.698075936138936 9.102144490650748 1
10.484185229481568 9.626918684220378 1
9.233363992609796 9.763210102871644 1
10.586221960788315 19.346796830708435 -1
11.6494680022967 9.849914525054704 1
19.839233525492943 6.63708386880014 -1
19.14879381321163 4.127419314803653 -1
4.0735550323122265 4.43937475665817 1
6.094090459079795 10.108588291245255 1
6.859416401004301 9.82530125969421 1
0.39088206677654114 10.979185391961918 1
18.917766752352726 7.583441812189458 -1
16.347241074078653 10.64620496944289 -1
15.664503899531976 9.347629109895125 -1
5.366985521254821 14.860133397309259 1
1.785214406994149 9.024105909889029 1
3.070662894792844 12.381476161604867 1
13.788290720115178 10.607007205438943 1
11.301954939790653 5.806428010674929 1
4.160095346307486 5.428673936606188 1
3.9654345037555805 12.93607827369758 1
4.0465941088285025 2.473340420649699 1
6.754875568767051 6.468082776970487 1
15.31169315482354 7.589768050661321 1
12.569596039879185 2.3092668941701078 1
17.373271748202864 5.270424198486065 -1
16.779611506200705 4.952150863971793 -1
9.39369760098899 0.12184555025021471 1
9.48863628055233 12.127922900759536 1
4.202383393090141 4.2328429409018975 1
5.557269298492322 10.342915294689234 1
6.7537354134270045 11.35425467631331 1
7.38696853771136 17.92516901051709 -1
6.974616499733899 19.135963427941466 -1
0.32871228129813135 12.852208018736594 1
14.531228144704155 6.623947760785478 1
16.068514254917204 18.900671422568806 -1
1.3461083882666691 5.802148439028185 1
5.4552492081667765 15.552980109057412 1
16.62170508071703 3.1709773779729256 -1
18.974526081973693 4.615759159023744 -1
18.677783844291604 10.186317612550852 -1
0.43562048706857315 9.649247233012845 1
8.085697440178258 9.839901231309597 1
17.4267703572001 3.0764800748802013 -1
7.383334292269643 0.7439772899390995 1
0.7074089957284868 10.235540581805271 1
14.080336308885695 19.79021919806543 -1
3.944197644649834 9.657724503215183 1
15.713966834101608 9.784846231320472 -1
5.061000435017502 14.49898129776561 1
18.39178219238225 9.418969903386634 -1
10.961222001446213 1.3215347614495387 1
3.558046156382506 19.515203568310834 -1
18.494214975907333 9.317109626559844 -1
11.646608482678477 1.6986100972286833 1
6.275738963631707 5.582731932008866 1
15.83374970210199 13.472082155740186 -1
4.335740970696 0.20458877099369666 1
14.280265977587295 17.133301374341592 -1
11.555003670759625 18.674980974393215 -1
15.052871478232072 19.052428770482393 -1
4.465490546858275 18.561912736319965 -1
14.340750003284983 0.5367312361584742 1
5.227496882450547 12.370419770522798 1
15.633889083523213 11.840367283201193 -1
11.460003532891792 9.17923888878555 1
5.205601898007782 16.834591991665643 -1
16.088898369991426 13.90597956787211 -1
7.542424708589815 17.435674777286792 -1
1.4910271341050096 4.94847436831108 1
13.2903608940685 14.094842558954321 1
18.95030214172222 8.469517504876418 -1
1.837222888244976 11.486610466085805 1
1.805392890334625 0.7367393122142918 1
10.826600987323221 16.988877707613458 -1
8.656788961974497 18.698889130157863 -1
15.699774715084258 3.630207829733614 -1
11.614319376619932 3.3743305174405003 1
13.78766659609824 18.886733826977334 -1
13.804486598993313 0.6470877095312866 1
19.525702204569928 16.043171461819625 -1
0.2202587515546317 19.71031311757124 -1
10.040245920044095 5.789447862771917 1
16.484240265152557 0.6665697386750624 -1
13.656042802416701 12.306484129811398 1
11.209425300098378 9.688864945155697 1
7.7998917776133325 10.301704020603344 1
9.380022641813824 2.6658956906012587 1
7.326546681449162 17.286870158827988 -1
6.538114687836989 16.39949564220639 -1
19.46862927966364 18.847885623890566 -1
6.550200736732565 0.19181331342585706 1
17.41311921913966 13.738220195653696 -1
9.34095222248525 10.054271000856572 1
0.932762949103696 0.3346621053255161 1
9.219792393628643 12.789900437632774 1
9.551529200612293 6.326119141245812 1
9.289188227352785 7.845160871730538 1
11.399017726700084 9.463232840799616 1
12.911832831068883 11.096901313854948 1
9.209510518961846 8.778589908219754 1
19.32716645460308 16.634640376966217 -1
3.8471334765084664 2.894355867729017 1
7.245977324756279 0.11787478147074149 1
15.289381940986733 14.866184509763965 -1
17.615093328781 10.432668874917308 -1
1.177039533431894 11.469281855612888 1
4.73246681787267 15.141283967702181 1
13.839307494778481 18.91454631233886 -1
13.506228733032426 19.613171198067995 -1
18.128735015845503 16.68972450000097 -1
19.889576166070277 9.74514835071069 -1
14.451328156742866 16.552567060996765 -1
1.386628065642228 13.823142481943583 1
14.052998316546713 4.659987260669931 1
5.012679401351132 0.3473865452723168 1
16.92428098699588 1.3992662349674179 -1
11.205555236233076 5.537509302188766 1
6.611052836074576 15.694374485940841 -1
13.923045909976894 16.75347407179522 -1
0.7697407120464539 18.392513511125372 -1
9.524697372332476 6.212864712306578 1
1.4813116265994308 12.793009079111473 1
10.024499673473938 13.154538655808496 1
15.139100946790364 19.462723830134816 -1
9.914301650708586 11.99320676998588 1
18.151328159438066 17.18918459992419 -1
19.99606783583998 19.029022832114787 -1
11.749923647227934 12.254648674108754 1
16.524361596915202 0.9208042539865113 -1
16.873075139337477 4.171375894194025 -1
19.448735397821093 14.40103207939903 -1
8.389681287498927 17.600385450985904 -1
9.65897550262059 8.605311559917778 1
16.859682303872788 17.38303122713458 -1
1.8744401989808268 18.908501984776002 -1
15.575018415496357 16.446735001961514 -1
7.182007135381195 14.304264970541286 1
0.8017496176726979 4.803274930889461 1
7.215428415697351 9.134300130871736 1
3.9446503751299833 11.940030170256792 1
0.58216855921426 14.3680767755041 1
5.781369333015471 4.611641902679205 1
11.382094454009104 3.6533972480026433 1
14.964037323395381 17.371556953901216 -1
9.525648833131124 5.002659585144902 1
5.661975859706243 14.139969238781134 1
3.0474351511996556 0.24922287701261592 1
2.5199443267736243 5.686698780404649 1
