10.074011422617367 12.193320441213745 1
18.623117324980303 13.756970485847301 -1
10.364947453187677 3.7951892659158593 1
6.61953500639825 13.339804001126929 1
12.095437241743827 0.876138876226209 1
2.872168676519826 16.2727487299091 1
7.068087909825218 13.315214108738918 1
12.208251199011338 9.528807819365138 1
4.3151276678718204 9.29975594120328 1
14.617944691297431 2.5274129602790074 1
3.033354544103144 0.7107816179035686 -1
1.0430718684680507 17.855662146362725 1
8.42773118021313 0.059135227062605544 1
11.967379754282456 8.07432097962819 1
3.457408896036096 17.381219338330773 1
8.296254711679367 3.9021702434306227 1
3.872475492939891 6.928908877759696 -1
3.720827939530118 18.31055964637428 1
13.949273409051209 15.539015862257866 1
13.0934536220425 0.9233092642553964 1
5.976650372476556 7.243464725030089 1
2.2985684631707626 17.60538090919217 1
7.815046206327281 1.982120551405786 1
1.6849701660754857 1.2370229251731968 -1
19.744841324035615 10.205983034483923 -1
7.332589189546761 1.4083770256996808 1
14.339934948295493 9.7092554991377 1
2.258853457845902 13.132808658748816 1
1.2470409786101522 16.204559836368833 1
3.126781373330003 7.665514001361037 -1
2.520728742152172 4.956374806026784 -1
17.098969283315736 2.127228903780234 1
3.558762701956182 7.213530046964845 -1
18.188666377983374 8.871151895900356 -1
19.701831917111427 12.23238873338655 -1
2.791166553787705 0.39447327912269126 -1
9.206279233464334 13.35812392666011 1
0.035779059737282015 11.084179526929955 -1
9.56799130223523 4.932278718473224 1
14.180660599470581 13.200093694860442 1
16.070116389883506 5.7205767861936945 1
3.479838541222644 11.236380446168244 1
18.946835307139086 14.10573616410957 -1
12.783769279964224 16.166036913046003 1
8.69991972441279 10.465819973684622 1
15.591823464339186 9.061164721497882 1
7.874353611190211 12.959435340220367 1
5.3571099487878 2.1951036150808956 -1
11.993827901414665 4.364875587130815 1
5.551081105395936 14.970785337389817 1
2.3764400828332155 19.67108239973734 1
3.327403232529822 1.8829532725511933 -1
9.195468740114752 16.794083988078352 1
12.581596233787902 0.21016435921243248 1
14.419626393555573 6.093350101305641 1
18.784986446337136 6.245784921673218 1
11.161710644459852 8.288281345738346 1
10.17854090160711 0.6154582537758158 1
18.484130587255688 4.925834131773583 1
17.744183649402746 5.591817459499433 1
8.854287011627338 0.7260635888208 1
9.828235664812029 10.305483488316817 1
19.21234255609617 12.933150306652557 -1
16.373635013157955 3.364689578261828 1
6.008427379438832 19.225250269072422 1
12.424639698063189 6.634126584868579 1
9.585876495058015 12.78730094193656 1
10.899733548910094 8.786914727920244 1
13.931610968020337 10.82668188256722 1
0.5855034330929332 12.731868245882023 -1
4.084312137266659 1.1124304205263602 -1
16.886271420596376 17.131504815793605 -1
15.385575630903682 10.044469070119948 1
10.071301629751916 8.964542598799143 1
16.2787496268992 15.310103760077364 -1
18.593441654221007 11.449894308051185 -1
9.50470308631785 6.360825007697106 1
3.5100749961706135 9.637458046201742 1
15.313303855057294 16.743221499993666 -1
14.119303877145441 4.584289319789581 1
14.70390256601741 13.743602537439418 1
14.6313064628172 6.273003898479299 1
0.7276659466356161 12.856707545607994 -1
7.026848126881533 5.29256456678739 1
11.529127014430049 7.264657068369229 1
16.211953223344203 3.789867636511899 1
0.0738495279317708 5.813085224420944 -1
0.15977981668379382 17.313833510721313 1
12.403637865994364 16.897171549546353 1
9.937765862411773 0.9119913026486293 1
18.78025616855004 0.22107595726507556 1
12.350150807882265 5.202818296226031 1
10.223146423993793 13.570056349107162 1
1.383009573903864 11.135386950094208 -1
16.71617569019392 7.535334756185989 1
3.720957441077992 5.761144364546689 -1
2.752959640675219 7.557554828520782 -1
8.311726687340595 5.580938307879711 1
10.909856778981137 9.705457100917512 1
0.28684075794378705 8.893679934667043 -1
14.780249828296233 4.2821810055539 1
15.50364850235734 4.06131440298304 1
8.87325957056255 9.652378111265698 1
13.556000378020805 16.718055816486537 1
4.974578634086971 7.60911189963938 1
14.307898182251183 5.690120657647313 1
1.9866296679921036 1.150287689431091 -1
15.836460391497415 14.755477551290745 -1
9.409798236037616 5.7101566318034225 1
10.127597325825324 15.361408584102755 1
13.396008092849998 15.69219014917616 1
16.94980096753507 14.0309651950768 -1
18.700451598835603 19.575436644763855 -1
6.038505600568216 7.427674214100312 1
19.87680515567198 8.917227982553815 -1
13.055487929651566 7.911140935616883 1
10.70580294250223 19.25088942959946 1
15.744822298663731 12.904467428543862 -1
12.116565710197234 14.17790379453358 1
3.288924875574133 12.507691961206032 1
5.754617729855351 17.879732955823627 1
4.075265936835731 1.5297362151530658 -1
2.870048860104566 15.825315138858159 1
14.916345638946279 4.474626536803101 1
16.343821388196915 18.626005724459535 -1
18.222567467045774 15.006033532873486 -1
17.439743771296502 19.790533752269464 -1
2.709683442218236 15.027463967544604 1
8.264159796642252 14.558315021590273 1
17.92949217596616 12.753711556024005 -1
5.9349552382254505 4.040250625959536 1
13.244532600954015 4.012462249237158 1
15.105984346990642 6.571913805410732 1
17.82452151891025 16.503223079282737 -1
1.7625754419150685 16.484817964350466 1
9.824330039176479 2.8540281091217734 1
13.09829280519267 9.427233290824969 1
0.11031905585051849 5.0546645422562975 -1
15.8026682466021 12.916803062559454 -1
18.73388573801701 0.20842173017758814 1
8.234143267884257 0.98299389979013 1
0.8081044336374421 15.532677325489697 1
0.7219984168942184 12.558189473989954 -1
2.525380287582797 9.15188521603902 -1
12.635573782147443 14.702025068717685 1
17.761057644898624 12.46483566718571 -1
4.878620330451831 13.794342436555844 1
11.039962091575399 19.73132273601322 1
12.111145966049 0.5079113657266232 1
13.599886299416355 11.011646346152803 1
0.2706593131474455 17.67286960764296 1
5.86806015939946 5.705650231400899 1
11.859241174803518 4.070593173885193 1
11.873671432940515 5.6762835628673125 1
13.982404195024056 11.745497205558697 1
18.951547866515796 19.30594873208346 -1
12.27023544772743 19.599053847362224 1
9.549125334293084 0.8221887835289321 1
17.58084406499455 11.831089180306995 -1
11.030874362835881 12.842537525451847 1
11.780674181238366 16.21920267214986 1
14.081379150895314 4.326650783356502 1
13.915764097313314 4.277935918938707 1
0.6402923043893272 10.987098097396116 -1
18.732574998240604 3.0150967141496254 1
18.2594324124693 10.698503253595433 -1
5.776534768866495 16.303431912675958 1
19.354306187653634 2.5579717929537327 1
19.19098139827863 2.8116101412256467 1
11.029382382056719 4.9880550594720745 1
15.858714257695333 6.989275000536701 1
13.988467130557217 5.636756006859516 1
12.67289640385764 9.77669037672663 1
7.498563436955359 3.817382317927769 1
12.493588954067487 16.510304977530232 1
1.4576361443706798 4.844323192699667 -1
12.74071297586023 10.921313992417128 1
6.323719008076331 14.859107962192306 1
0.5937818582886867 16.175111052906075 1
6.99484814799683 4.604391822249632 1
14.413275926887625 16.57527469477397 1
7.686331660962562 1.0917909584837537 1
2.2680464950007395 6.856533248095982 -1
1.4338893811427367 7.222767474222122 -1
15.34769493667538 9.916928680552196 1
10.05823846633133 1.16005426916151 1
16.558376863216242 18.390177534076653 -1
18.258727471430067 9.610384227086296 -1
2.7450322225410373 10.63501526144998 1
8.960649941812655 2.167570896398854 1
12.752558949451442 7.519079185524536 1
16.1229066629155 17.478271538730223 -1
2.9329944527915996 12.800687719531647 1
5.919707014315117 6.231039931922506 1
16.725282551290302 16.96262774399091 -1
17.542043437763837 0.8325665058263754 1
15.57875141296708 2.027869462017682 1
0.8216935396329261 17.12327030775775 1
14.760946836356608 3.1878885145035296 1
19.462540253952078 19.597703391194866 -1
19.485004903371873 2.0000690959963086 1
5.871033315296201 18.333502832422102 1
4.3112755528065545 5.461440693345514 -1
16.409643541038697 13.195900163012498 -1
1.9224370832927495 5.441773813002282 -1
4.354193146591722 18.873095807098284 1
6.140878445562503 13.759857663686228 1
1.917976640886705 12.911068718755931 1
8.451658015064911 9.61254680640203 1
2.412621944837492 8.154690054079934 -1
17.3138689829475 18.11695507024453 -1
18.94766444764312 0.8652740511567636 1
15.187783262512667 1.401957201239139 1
7.02784637475702 6.272994298240027 1
9.474677481138604 6.985930868554497 1
14.989180880898266 4.435868880045081 1
10.460761147914537 2.103464196165785 1
8.421850496839284 1.0152991342232465 1
1.8761785227837668 7.194525195188319 -1
2.5600426518501207 19.94142558009233 1
17.824575604636127 6.945379873800556 1
10.075861262634785 7.9298561987755605 1
3.6082525347023497 3.071318741076765 -1
10.79646987657261 4.424589693155769 1
17.368458087660542 19.457038488614426 -1
14.570671630210414 14.78024404294564 1
4.479918749442282 17.321303583757977 1
18.843148470107238 19.359988627152823 -1
7.283214660615249 5.748296241650419 1
18.45161883637679 16.71384346549155 -1
19.008152412068206 1.2288426274976927 1
6.744206977861489 15.115307760226937 1
12.635817665767668 18.78048473181877 1
14.321343185411465 13.472549017633686 1
12.966519135616853 6.766148775890885 1
4.538543821114704 9.993668297191277 1
13.305364668321303 7.706944924293808 1
3.3634635173431215 4.973844357870609 -1
6.946747760255867 18.185405499317667 1
5.262624020614155 2.6854293788132733 -1
8.03354499177636 12.36126676290521 1
6.500276387091994 6.590361759499494 1
16.386367616036594 5.672656792619593 1
12.563867815005334 1.9575367209855887 1
16.542729797720174 7.971359329899004 1
7.387620034914719 10.456053598569357 1
12.51553616363698 8.641586248218182 1
18.62776737441458 2.408548479985273 1
6.674817235126209 10.177474146763538 1
5.450017182994628 4.127098360083037 1
13.676179187694812 1.2453181574250527 1
13.121842254010698 0.11745659755315829 1
18.503952039794108 15.432310244786024 -1
2.159230735080009 2.9256739075592475 -1
1.466572944394564 17.684357831968054 1
8.859569936875268 7.014433576937151 1
2.3762476817424183 16.861322555953674 1
8.75934745709251 17.294707887783673 1
1.1644885007570371 19.888801525285412 1
14.887409114554142 7.801628755084378 1
12.829636848685816 0.6613647860624217 1
8.64152297055028 1.4917479996384309 1
10.882026922237076 15.15293567880966 1
12.698046541190156 8.25213672055684 1
5.346970763816261 13.115779826985342 1
12.571511034343333 14.950063935989819 1
8.905268675322382 16.30035900203722 1
16.272986748737196 8.715266263692312 1
7.895500427588837 13.304078257695313 1
9.97309748269557 12.63511135955989 1
13.671861580401927 1.9577427902686328 1
1.657615310144176 1.6562305714341252 -1
4.205854470278895 11.584316351866326 1
4.470569692466366 5.724482685771983 -1
15.839673810840868 19.515359859571557 -1
16.771855087020594 17.05839018259547 -1
10.743647450069291 18.926306244032553 1
6.8933441828003055 18.939470414135837 1
6.899638210681425 18.352508082675843 1
7.159545105590932 4.516166584761219 1
14.326838200817535 17.17378174207013 -1
3.9458771108019097 15.856363757848825 1
13.785907423360841 5.905947431458738 1
18.37966403064704 5.846755137372259 1
2.341966848855217 5.313643348272428 -1
5.74598220339489 8.525608634515752 1
13.936451319272322 4.159484705368264 1
0.7425253481082739 17.048762205741138 1
2.512393232213388 1.8304070198650901 -1
0.43468342224017853 12.726955492953987 -1
10.257216363571676 9.132820828129177 1
7.09406667293345 3.4358935514162425 1
14.171659530173395 8.223986340707663 1
9.060724964721283 15.188714161138751 1
10.442978561067164 0.9477947430680045 1
19.351362528168504 16.773810668004643 -1
17.995110714384516 3.7689274196216926 1
18.94286276862742 4.099248683917209 1
0.10800708639790102 17.050142514691863 1
4.492478690537187 8.2482920916489 1
16.14288534764666 6.593223057848265 1
18.713069511274494 19.238833570720292 -1
4.179667107094409 6.164898961335017 -1
5.703802663765137 16.092815332186607 1
19.767413172820135 1.1548360808993152 1
3.243765200753783 3.0599926499836716 -1
16.008090381620857 5.563570112262619 1
19.387962563591746 11.703687662502865 -1
5.838538127436799 17.194046009341882 1
1.6622126516174407 19.044453424400864 1
18.645033944353884 9.22119204212831 -1
13.735475979205942 13.070851991928983 1
10.239392050603733 10.239758947557638 1
6.655193369957731 8.664835590522467 1
7.745050244191114 19.441414955999534 1
9.563235283607446 19.352490547767854 1
9.086146509458848 18.7478902456569 1
8.267090772225266 3.279201103394902 1
10.54210141670811 19.527721968371146 1
9.122969914548335 5.421552441787769 1
5.2247681607811565 17.949956088299142 1
0.39450773663736394 12.286592049344875 -1
0.3547346490574821 10.078922790485683 -1
3.5828023803576925 0.21233186907863244 -1
1.857896283330056 15.489996529609503 1
13.180543772393992 13.87167640603392 1
11.072948784331558 16.48703400455509 1
14.885024058177816 17.695216012566522 -1
10.254979370410425 18.92794809753817 1
9.511851205960259 19.666634658411787 1
1.079874638011935 0.21568122181901517 -1
12.683217820716003 14.307737596219267 1
3.4987812225992654 10.187602046908921 1
8.821605951434108 9.658404220449182 1
1.0613954479370569 11.43714180658028 -1
12.061851025842964 11.670044156693235 1
13.22139357914229 7.027265341422373 1
6.401503472573086 18.669411502034794 1
5.156829781399477 5.606153479374624 1
2.741466054153505 8.412924489883595 -1
11.282876307780626 16.611251056128634 1
1.4259216129749364 0.7399146803931722 -1
9.903806152024622 11.548621041471982 1
5.472585819344429 9.946500914861208 1
3.34564475715742 11.260325860459437 1
11.891358070765236 2.740085078257437 1
10.430452415100756 3.643333569856213 1
16.32147231437298 9.997725576484216 1
6.2977385535980535 1.459234865835073 1
19.67428374725203 3.5399458868166866 1
8.348020998373297 15.674829838310133 1
4.550852190983729 2.7447988168990545 -1
6.478092787518179 6.199434925203295 1
13.91052436526062 0.06530194712489612 1
10.797083914820881 18.935529231136005 1
14.798736557719485 9.376635767278376 1
0.6569308210804858 5.7351550293977756 -1
5.899300708760807 6.567775304677648 1
5.100411610880531 12.155253537174506 1
9.258463746153772 7.905508875765371 1
6.724415308573741 6.830912354475915 1
13.735055823742188 18.437082486017726 1
18.4756712357671 15.836269854662572 -1
10.563089399239832 0.060985519426244306 1
16.040671147705282 15.578611694631878 -1
19.870184779800304 16.883670447250047 -1
17.261061216574912 8.571973289070653 1
11.077242051689183 14.093295121702862 1
4.40031412205991 17.862342976764733 1
9.811802633958145 15.819838351641828 1
5.1070110192843154 7.9273383333552 1
19.2995800301689 7.314238813691219 -1
3.564605658438902 12.549017555307863 1
5.155667835313535 17.267471811943324 1
4.5870711759996485 3.4592625301501445 -1
19.078964713986732 17.20377710381904 -1
0.31435628346122346 7.482951873923398 -1
9.160388516398342 6.620513327337885 1
11.681116647088503 14.454927580042913 1
2.347481960739699 14.910415299770701 1
14.976711465174068 13.362535765400755 1
8.065040979780502 4.090293911528972 1
17.583991131746203 9.966304326679323 -1
1.0734349332339965 19.973512759501247 1
16.378933930392943 15.577105450257182 -1
16.353313967714932 13.661850684954155 -1
17.29271316048117 13.718923653599084 -1
9.137428658257674 0.09563973850116758 1
15.182318080669404 9.082143753229786 1
19.16732039133813 15.889355576645332 -1
9.4253750103122 1.473039872557842 1
9.834679835315171 4.793110443351156 1
2.54935164068794 6.390939072051067 -1
10.07418310366673 15.85878363401552 1
16.724853339022353 3.4153129595742504 1
9.706670288754209 6.7528126314614445 1
6.097257926815896 13.76082159438395 1
7.388537137952906 2.645935208243768 1
1.700460940132722 9.15913338723737 -1
4.405269981801907 9.723463410116155 1
0.09103819094471222 15.652106360157319 1
17.254056932807856 1.5979537755719897 1
16.860662240231147 17.931713376315493 -1
7.292459459834754 6.769410829659299 1
11.82914101984706 12.53786509244515 1
16.687151114657826 5.766447552709202 1
13.989977618982339 1.526070848399066 1
16.478767657621315 17.71511137097762 -1
11.17488405664098 2.142655053025775 1
14.785930527723314 17.820351451250563 -1
1.9232046868841102 12.59603273383947 1
1.0035595572222245 19.608406945430463 1
15.186753087434706 19.188325206636577 -1
15.307592827143973 18.76664959924719 -1
7.270075193596948 15.872378105263463 1
11.860294846692836 9.030723311743223 1
4.800702716661931 13.72502958918842 1
8.817335434915933 4.807082606870456 1
17.543479725225044 4.878251218192055 1
8.569877910169886 0.08232053156029151 1
15.517582333076742 13.125570697152526 1
7.61192750827705 18.658968297968556 1
11.14437990645736 11.721965376078556 1
17.005233561521013 6.8707115567212185 1
9.048817997417284 17.821195491815075 1
1.6210671743331484 6.66825904137778 -1
3.656536540656554 2.5453266582132272 -1
19.17022512684824 4.330388063617853 1
17.87346605609191 5.8569762233438265 1
18.48964439875956 18.042956506170885 -1
4.904175638978472 16.205597384727973 1
0.6360443706409868 6.20196292217366 -1
19.659775221373017 6.3448913667930595 -1
16.044038275568404 7.535018150575821 1
6.225719728528798 8.769229102206618 1
6.338198066508465 3.998864093466241 1
3.50436770704589 6.892738129933034 -1
0.34557312908949145 7.8988701592711745 -1
2.416708923836952 11.395487795354782 1
0.4372134057179622 15.789702903590934 1
14.942179587264794 5.08700329892442 1
7.534256105679116 3.4546615858264307 1
17.79503602240997 14.188096786898196 -1
10.94619017371276 18.624440609938834 1
11.680273500761109 19.10780912957431 1
12.665923775548535 1.0843736699353035 1
10.841620555681304 13.593019882151836 1
4.828323824987137 3.432478442661311 -1
7.008656268563474 17.554068351763235 1
13.745923253447039 19.98892281150056 -1
16.869648589314664 5.920517820020903 1
4.267523363178682 16.22079727266855 1
2.8412200608043903 13.556966037861102 1
4.162449845161696 6.53436863802122 -1
13.175500372957227 14.569590007051637 1
19.815251882045672 14.400269555736733 -1
19.33993893571524 13.259898677431153 -1
11.722668367696471 5.515360133910843 1
16.124494272530075 3.5329395136761477 1
1.116709054829732 12.068272833315323 -1
13.075440727488605 13.742994020492734 1
7.494741491197314 4.163946914417087 1
4.624568340092104 14.760577630605978 1
10.919488941101243 13.075724012341938 1
0.6770805926802503 10.470332941933671 -1
12.658895379729705 10.231870582366238 1
9.441027507330421 11.960197768879983 1
13.067829567367026 15.70666444971432 1
9.925642301305729 19.33800389288877 1
16.570637783336636 10.474472340111118 1
12.805479992887703 18.412440514950845 1
10.18558601141007 17.798518490994038 1
5.241790751083344 3.4011119367333142 -1
4.239263775866755 0.8643337320571298 -1
7.772087780335637 1.3791773891416126 1
11.751048066000777 16.13114937951525 1
19.523402834059713 19.35786772010165 -1
16.424768016290848 4.862781772761602 1
11.774257290202325 0.6829349698450171 1
18.266727804450213 18.912842487042212 -1
9.284898196918721 3.868880611753902 1
10.556289638288145 1.0773769751089213 1
13.83489316571184 4.03559095511045 1
12.227243339051228 15.191332480579867 1
15.051697769268152 4.789784190921614 1
15.675217139482466 6.633516278614724 1
19.883344126864397 16.694458608584924 -1
11.588425435982439 10.018009889910768 1
13.962935922541549 7.395313400572028 1
19.60607356365683 7.588268647303487 -1
5.632158597108983 18.02388982034843 1
6.4407665721984415 19.193421157265394 1
16.535546832240577 10.67296616658185 1
11.558313966686534 12.714574592154813 1
11.46678665682905 2.5405220212950796 1
4.590341631078589 2.4221951005016185 -1
4.5428552274922325 13.76436477494674 1
8.362152926321869 11.983932006922696 1
18.801338726324147 8.020292476077945 -1
16.75032622985705 18.705520451024846 -1
11.96079135558809 17.63245353330755 1
17.541549765223824 6.0756916747075955 1
12.353540065705506 18.24534295809477 1
17.046233977991065 12.799291453582125 -1
15.93486168658439 12.032645773745463 1
15.427479827208305 18.24109034751528 -1
17.79199641177168 12.968944441008585 -1
19.53799761640882 6.566057961079082 -1
9.720992056386415 2.8660538919064016 1
3.5146130686029475 4.850144309147433 -1
9.208898961434533 2.6765646612687677 1
16.462027108711148 14.048896862541389 -1
14.553376710546804 19.992925165161633 -1
11.264523685312069 5.949530280576704 1
5.871295495655775 10.721199990487913 1
8.896354882118967 4.09533099556834 1
12.392452480398713 10.584404080854704 1
18.558559935109283 2.1595776212324425 1
2.7040509360812526 10.411103263825215 -1
5.552009782902556 19.359425345410553 1
6.506124848230959 8.090754199142832 1
16.003498024764948 9.238495258082747 1
3.9576195089731114 9.628028556196824 1
10.39373098716575 5.510179380450333 1
1.8373712426020483 11.904157748285538 -1
6.293100727866019 6.641962511345518 1
14.513760302288967 0.5541157607788172 1
4.793155534105839 9.474342494996117 1
2.111345787302934 17.79421986741251 1
14.828713990667126 1.406202331330897 1
8.282314069171463 17.085547435517334 1
14.917601302446666 10.541782883063647 1
5.635113378262737 4.194302996192492 1
2.8020166784007516 13.68267192670067 1
18.14217202061605 7.51109406658901 1
0.05756911338766546 13.161523850045022 -1
6.743131202431196 4.416818475446758 1
0.9430574644433798 15.252482295101268 1
16.879556099708086 15.03367917144497 -1
2.596092486288948 15.256584591460907 1
14.841612278454662 19.875595940745843 -1
7.136698336102263 17.3486862558159 1
3.576742225255205 3.713086797880787 -1
5.323056793284144 10.885741978894323 1
8.004886599981928 14.393458318091113 1
16.110590821804248 9.11454753847373 1
14.904345550171143 12.407934348103865 1
6.797615295959886 11.080340100500159 1
3.076892524265815 14.673127027033319 1
14.397812311066717 13.025922927869438 1
5.770295199123494 4.295042075925679 1
10.461824257328443 11.684276464152628 1
9.230918010210306 7.009583859225311 1
18.777282760579233 8.60588268491809 -1
8.77862513039381 4.544316672620723 1
8.208625655313684 2.0252863952183042 1
16.940720027192373 5.322009518400996 1
1.3950916909733557 0.7596888758348341 -1
6.951202476986358 3.7272789484751057 1
4.10729775382594 13.24564932161067 1
19.316144570028978 10.58342961111453 -1
9.769857704760154 14.05826234299405 1
19.165522247108207 9.537358240973035 -1
8.98950578293621 10.120444885613004 1
7.756375750429967 6.726190905452398 1
14.885247598792272 19.298260780778055 -1
2.761689888068517 14.400080725423523 1
1.5990683648653348 15.191484512276556 1
8.873934463156354 3.1013925375763174 1
5.572775662602338 3.666891944347437 1
2.7717186565687757 11.5512738119407 1
17.008574768519207 19.04503996638154 -1
14.642556140306066 18.57039423825156 -1
12.388013961264848 0.8395893720263636 1
2.224267024722122 17.161415145684597 1
8.005966096088228 15.561494974802685 1
2.7220679429349914 7.306535944973376 -1
9.183334641168198 2.3386742022000773 1
12.977940829599364 1.084245563055144 1
10.154221295894956 5.96504874783588 1
8.913396542563119 11.385179993998486 1
5.580309543914326 16.481127932220513 1
11.53628375651208 13.807779438129435 1
6.227253803439174 0.5015907708051115 -1
18.696823414506586 10.240214281207802 -1
8.544896064348045 6.2436016373682035 1
9.297581906911674 2.185828344767946 1
10.725163132091371 11.572874656424963 1
9.806621328782782 2.065133397560235 1
16.268527832411042 2.372786646378049 1
11.692610064428324 11.528169531528798 1
0.17195004660454094 17.15511653871394 1
2.7951894075641692 17.236823462076735 1
12.558240495927109 13.069271744542254 1
5.663441088591943 16.62748273440795 1
19.898831147233352 18.33014296771327 -1
1.5398179017305935 8.840180622124649 -1
14.938954313257415 16.573011453863174 -1
19.93644321853847 9.301175648673519 -1
3.016274461640871 19.757210656562602 1
10.645202290669886 10.371678960163571 1
14.6710424918279 7.978530014234546 1
7.5425949118822295 15.026232462659799 1
2.277877120232321 6.913626467454314 -1
1.6948365167720514 15.700025078291686 1
11.886304150246968 16.607988744367702 1
5.038236487628078 16.245200857405987 1
0.5392193780830223 18.9322904350527 1
5.304406597894551 1.3620134606261391 -1
14.045474267282632 15.27023589301158 1
7.879388049292473 4.921446957621942 1
10.514808161484602 0.8642900648881446 1
10.930313684185933 16.271711987240955 1
10.920388452336013 7.7339733647056885 1
6.4027563843742 11.921806303853067 1
19.536246935474036 4.194663787929311 1
1.3864443752782485 8.921106153822357 -1
4.30393355957581 5.74315421520841 -1
11.866553908844615 5.804746771269926 1
0.014745815427632536 9.439467620296378 -1
14.02232347371157 7.150316916638751 1
15.65090451356808 11.902744257758497 1
7.004262336576179 18.59218119070944 1
11.311107974026458 9.652263058329954 1
5.515764159380446 10.565531594832805 1
19.852895537345304 9.762971659090216 -1
0.5444550526707204 1.1030385938475473 -1
3.716308203826333 18.66815593664189 1
2.233149419761109 0.6827581302729557 -1
18.350349876039388 7.430182518163857 1
10.149813105780447 15.426737947606235 1
0.24579178912339072 12.913506216513682 -1
3.110460763790519 18.87553751761181 1
9.784890991616127 6.032438972519172 1
3.2284531197199007 17.114669872407795 1
16.950621617288924 0.6094397733731105 1
7.008186713051572 7.2047361786828805 1
1.395063345149321 9.367975292016018 -1
10.070696526032187 4.667830060367535 1
7.448594381695539 17.197281703679984 1
1.4932343997045638 12.208543706151563 -1
9.358606785253386 16.0646379250453 1
8.764402143097973 18.898712123212007 1
2.3784521672806114 10.814039388731052 -1
15.000964396855405 16.730797303516983 -1
1.2843886357990586 0.5784450735421509 -1
6.34198688409068 19.745599264677296 1
19.480316082321888 6.646059157051649 -1
19.330480306439377 9.865768330158595 -1
19.05711765054272 14.35937194334002 -1
5.612264815004957 13.117368914673627 1
5.005464502180967 3.988982845733211 -1
14.426295167461817 10.097521102653285 1
5.237967057037745 3.5125051438130495 -1
12.130222341516097 5.3469436104948205 1
12.158582737601144 4.84212527116358 1
12.39949831205918 1.7119815962310225 1
1.2242336886790128 4.28268177107695 -1
0.757858702816252 7.831506583695642 -1
7.2756071403501 17.865405018985342 1
2.74155113972111 9.559834691256693 -1
10.371149251378169 2.690737128174625 1
6.269214766591493 19.437612208671595 1
19.440291799898496 6.526943156229792 -1
5.683832009869878 2.2483779228514145 -1
4.278981601568352 9.649490474596634 1
7.452721240436517 19.24931230476172 1
14.24261980084368 15.269468384937872 1
5.656061852381759 18.840451421622213 1
15.44853805872252 7.8875946957137 1
19.16397752195372 7.23742621273473 -1
17.382184065525667 12.523637726786012 -1
1.7967281630492238 19.138579007159123 1
4.508206095886635 12.009366320461137 1
11.782104968820441 15.428077276606768 1
18.81966764916003 14.39641349320242 -1
17.468639132580147 2.632433416746085 1
15.215651329027333 8.018734145816174 1
2.5227814897343914 17.148622310546635 1
13.179539720249842 17.862607269619485 1
15.732726023167757 6.187760183909832 1
15.437296674801166 3.6354167869319487 1
8.061095426068146 6.929101003153479 1
17.107100818891496 17.28772943317363 -1
12.733226584308825 15.55488074884537 1
7.308713475392727 5.731468156527255 1
12.917336502990386 8.637323047177734 1
9.282998543119804 3.1102568696492616 1
5.947367174868923 10.7748999276107 1
14.779041158459798 6.216303725593173 1
13.058853028199762 14.425726950516033 1
3.7983372721291997 6.511453683687856 -1
19.252673849874913 10.561744729628657 -1
1.7425699561230612 2.6983434397718242 -1
19.17109684231924 2.068130849748311 1
12.593508887969264 18.900860995325893 1
11.765034400370226 5.738157117191145 1
18.96060280400375 5.251386378642584 1
9.050983261945905 3.2644981061768763 1
17.663871531818543 0.04559255403361995 1
2.4006363894066474 16.803766951445592 1
2.9767275169796448 5.613848114887783 -1
3.575691542717625 0.49184888348340117 -1
18.735395756842607 13.671547047911965 -1
7.114911666170059 15.713370847802732 1
15.228622664231828 10.148986440397657 1
5.7000278879850725 14.9794382517894 1
7.113408839030642 14.36467279613829 1
10.771599437303635 16.94354124809459 1
14.559519150544222 2.8942364325086145 1
6.935479957717654 13.386325013690374 1
1.4075594392371715 14.600406282142721 1
0.5950722355058669 7.925688303177929 -1
1.3324476319509038 10.02778097446942 -1
10.764084456196946 5.759461482803976 1
5.836125182184507 5.729409635781366 1
13.1590277747585 13.923703790695203 1
16.350393325658374 2.080485600944728 1
7.440233623882353 12.350422002903084 1
16.812795627453756 11.747729267046147 -1
11.864691181273459 17.43431219488575 1
2.785482828908117 15.221317971197779 1
19.63354861950196 1.8689026733482894 1
8.519047684790364 19.679508359169787 1
16.861639679222183 17.188246401241848 -1
4.320330914205954 17.944375923378473 1
3.3659401043235193 8.751111111971966 -1
13.16524222346172 15.400366930003834 1
14.364380660279641 16.830381924587495 1
17.70466878633967 14.485658568661744 -1
13.695983269600651 2.0211752938613725 1
16.64356712363142 18.729586490864968 -1
17.3178066899407 18.356953232850643 -1
2.930382811692729 1.2976917126754484 -1
9.603734324671612 3.3236934264368068 1
15.275950900127789 16.619214352831985 -1
14.364652568188198 0.38796954481781887 1
19.228084162194225 17.91014400011367 -1
17.529110173276074 16.70555375026063 -1
4.360070209420299 18.26821999032873 1
9.068077848458753 6.352966330128858 1
0.08833763935486072 18.504552669566845 1
18.016955762369975 17.72514369277579 -1
14.216581777680773 0.9898219392425078 1
16.34250544591536 12.668207952649745 -1
5.510673249972921 15.531286224756231 1
4.921929622688848 14.467080095630303 1
14.44069684533659 0.6601177884247522 1
8.045830351241207 11.983473364144537 1
14.68350864994848 11.696867528564203 1
11.626326571910152 18.040579793774658 1
12.061227026865103 5.5761317185100445 1
4.686137276602462 11.576543418628205 1
7.298099620290424 1.6497847750594419 1
3.7239637783281965 5.139597349605505 -1
14.310227280828638 17.55141855439955 -1
15.196041100982791 11.973521267286554 1
6.699652801230647 9.692912504803957 1
2.623258841646996 0.24285771400436307 -1
11.70635609721419 9.077335656101084 1
11.72778044787554 15.87310783161211 1
3.0787212757971183 14.850669373583035 1
9.522622065491142 10.031905104115136 1
2.1550867927158723 10.378115206772598 -1
11.422188842360764 2.4529541288873746 1
19.906006350912413 19.619036776995962 -1
4.211285468763879 7.605292442442084 1
1.7688854016642264 5.187862676787665 -1
2.104665882937584 7.136222729465538 -1
11.813694919054615 3.7265648920369876 1
18.14869860806795 9.067043226936477 -1
13.11048413585729 19.077600462613017 1
13.861277196475825 11.896477288759467 1
7.126453513372926 9.234489791069587 1
6.275614205353223 10.067500490898816 1
6.562377970938067 9.160488290769628 1
3.4481075488083746 16.179025131820016 1
13.24520411795816 8.304084762056362 1
7.009986649460926 14.874698149631884 1
15.52566603100433 9.003341024795105 1
3.486985597526966 3.5168453934712107 -1
8.086813425984968 9.95937649399345 1
4.880810687065182 15.55437132982255 1
11.151361901828324 7.572570250072457 1
13.400717325489872 3.9192159199659904 1
5.7828097295781955 7.173345536121447 1
15.253024116739795 3.836736061204289 1
7.307303336057382 6.042675787872676 1
14.040941128174548 17.111175756466793 1
9.840258985108672 10.605737070501743 1
15.596601652639366 3.248161333977726 1
11.483777881180863 1.2954091921394184 1
12.961738464139858 6.701938661488889 1
11.96792869189721 0.320610496238638 1
12.75296004623234 14.08585868613476 1
2.340999512994344 9.937737317514195 -1
12.292119747253484 0.3603883631345983 1
19.770853097626993 11.811749245576141 -1
0.6518071460047481 8.813713963291228 -1
19.601550272149083 11.666732035443868 -1
16.160511194310466 16.075779491918237 -1
1.5164371601283189 17.664055008813076 1
7.9315494701425955 0.4573871602318036 1
16.99092362564545 15.809501818905101 -1
19.624371098383612 19.581767305417674 -1
1.175215610056437 11.179058070066592 -1
19.916395591471627 11.576804241714008 -1
13.929283401846691 19.866305726713872 -1
6.058056622171721 3.0218926727497797 1
1.9393966465110557 3.2926585430962385 -1
4.403269760650785 16.39416759679305 1
6.677570699534982 13.884959398478662 1
4.9520664524425095 19.934649457419148 1
1.4223133156408019 9.113232146369562 -1
15.711665169282728 13.655608577179601 -1
4.641082603364164 9.494669567851851 1
7.076789201521326 16.636252272875485 1
6.741907782944394 5.4082211180342865 1
16.449565137017547 12.804605346625095 -1
2.5336436323369793 17.42741400670694 1
18.963873807214178 5.079239646944529 1
2.69137467855574 5.367338098525202 -1
1.4485489583260747 1.045298283531788 -1
4.10550105523016 2.3549970003968723 -1
3.65835584042969 7.265028036270424 -1
11.200086491050524 1.9705046245520386 1
13.321215014355712 3.873819458259633 1
18.138063062444292 8.869904568289947 -1
19.694658207062705 6.2885477036209325 -1
5.287929722258862 16.288650125045546 1
4.094044293044396 16.65576291389753 1
12.408610481166916 17.438080738053568 1
15.24959493799771 4.093085286924953 1
5.716168669145527 12.045500364377036 1
2.3688257470348018 9.827927918190317 -1
16.328100874314202 14.15175519735844 -1
19.425503855363807 11.013452598999615 -1
13.537975529020327 2.7684751139525132 1
10.465771847970792 15.302450143471674 1
7.955197945313843 3.1104428864153078 1
17.61662533500528 17.185613192358925 -1
16.751735200478247 2.8568202722063285 1
1.0014500880549737 6.65145249525946 -1
6.089639873788048 15.258245407982065 1
2.9118659173096972 0.900889655328343 -1
14.260265711506115 18.89510747612897 -1
7.35465237995003 10.65033874200238 1
13.148086209721884 12.505571092963033 1
0.4870566847886604 13.982873488102495 -1
5.339066074422487 2.540212566274036 -1
7.473329447007231 12.757852874949318 1
19.525555312048056 10.963409707714325 -1
6.93984441349504 9.265166038399983 1
17.816726091588198 11.309909971692454 -1
5.4757149861254035 4.111032566036692 1
5.1455819754553955 12.118277002049338 1
11.520328247892449 0.24807696471253804 1
13.170617809169674 8.601203764470624 1
0.49876296993343283 2.6131815899161315 -1
18.902226155826874 15.775959570628677 -1
11.210581843411763 8.012398126978002 1
11.740994351207412 19.266516506078048 1
17.247026595889945 5.692980488309458 1
1.6970450037557994 13.602184316436869 1
16.606168510903977 15.468386078196897 -1
6.266625517026454 2.0758672150255175 1
17.695099715795774 17.31286853845199 -1
3.7741676102078903 7.088332707228933 -1
10.552790052282344 14.018073888042741 1
16.945085294416785 5.393160621120783 1
18.396748806278048 16.804819135031725 -1
12.056585418835965 18.770336481612993 1
6.491183825108755 12.70903817041685 1
6.220830357375348 17.39471173425375 1
2.8538582508925003 2.1116274912823196 -1
8.186790407445955 10.528863223734625 1
18.463398145592922 4.957743983148751 1
16.50418008147755 7.158131618288421 1
3.3983168453911206 5.011846924740524 -1
2.9748848709686015 7.798933976658762 -1
19.73356965746766 12.920598687199355 -1
19.02433312235646 17.949700633167843 -1
12.039967849767024 0.9064874179196147 1
17.957284328611173 13.517082356496157 -1
11.976327560802318 14.590832814208081 1
7.019542564251726 19.038351310518923 1
4.7337470713565395 0.7456134644675183 -1
9.769142900973147 0.634193910103158 1
11.98594817920619 3.699336794566841 1
11.467571124049652 7.3643905531305 1
8.519138306156119 17.67295086774762 1
18.033625809044082 17.022139499738483 -1
7.859390570936677 17.497578598407873 1
2.5595584015545247 15.391079300278001 1
5.985065407227735 5.966643525724525 1
2.471148655112796 1.6023353480297353 -1
1.606329062771914 12.500725330235507 -1
5.120419128215223 6.46720158444221 1
16.51335194647798 14.85427448845272 -1
19.931714545005462 15.524350530179078 -1
0.139315945360019 13.269095468716472 -1
1.1789003817336274 4.028742760523267 -1
18.753865801533717 4.780279954086584 1
17.053475119180995 17.22268962937757 -1
1.5971963183807247 4.306067027533116 -1
17.890420444069218 5.967806001876759 1
3.7844830612664704 18.703879579418036 1
19.25063030983564 15.179871193346049 -1
8.95489774440718 0.150563709454139 1
4.015818313347628 0.49688907944720695 -1
13.408987836630368 6.005653111964819 1
1.7338043654393176 17.223935221401664 1
7.8727225112564465 13.74224716074782 1
3.159135802129509 4.836646793035535 -1
3.0460398371684594 1.5808803121163484 -1
13.266016387122617 0.18849421049183857 1
10.73826948305333 8.13754082535943 1
16.96755482504813 13.055265988358983 -1
13.662325852817311 7.697776705557504 1
8.357369358280373 8.763460244536729 1
13.854103057994768 1.6546068004552583 1
16.49662328216619 4.387576889812328 1
2.203033110840904 11.198744071628319 -1
8.601589471867403 17.36457234127674 1
19.724303812631664 1.525403129905949 1
4.943883945421666 8.362025149391513 1
4.972756028163632 13.622766270688961 1
18.857528858904626 13.849845067072037 -1
1.3930187976902042 6.132946364578588 -1
19.954039903524677 8.063629384769781 -1
13.419970007596786 16.827071551322103 1
8.978772612379496 8.911066657164124 1
10.788137869610901 0.9119054849057462 1
8.698777380174622 7.86105203425449 1
6.778194378052731 11.686185830966023 1
16.794460676861586 19.96847346329931 -1
18.023223708582186 17.990649481403548 -1
13.934369795204717 16.9259051723709 1
11.016970825672146 2.446505690402756 1
13.044455812262441 3.396718982446132 1
13.610819970095811 14.652873943548885 1
14.240194165324418 4.8724183687429985 1
18.555777180784418 4.3145145326133205 1
13.971985338395928 13.910269801936188 1
10.540256429115807 10.696935658210371 1
6.641275816451477 10.845592171168661 1
8.194012891404501 16.856762748808897 1
12.276876692897316 14.936349545981093 1
8.173087037782354 9.771015352636764 1
4.817995633547905 12.385963252477865 1
9.710165468361943 0.789744431858368 1
2.1325122739831026 8.803556453372444 -1
4.909276626498493 14.762235348023262 1
11.106077161056113 5.399106441199029 1
2.5832991501485036 10.737789840793315 -1
18.969632392294976 0.5742802906775135 1
11.577263377635878 12.317858368135488 1
5.489985544675369 11.55799624835515 1
3.2899770097311087 1.5370991530651401 -1
19.730108972089255 14.349041399516913 -1
2.5010275538571247 6.576691139767721 -1
19.79285369042383 14.466357431751476 -1
0.6297510458939715 10.664046990036631 -1
14.29381122642299 5.870882201596899 1
6.197282434420064 7.188816198294559 1
10.266074933295302 10.911125272925483 1
3.532340571064969 4.365877142906525 -1
3.781698910608362 0.25792755258328803 -1
2.6559222627981582 1.7017831346847845 -1
6.781670587910207 8.532141978877057 1
10.79962583859791 0.07191534542171141 1
6.438252904692352 8.692249185872816 1
19.15684092380824 7.391374203574726 -1
1.830572716551222 6.237214205086352 -1
17.235579456639925 2.663424139935544 1
16.796383050570142 2.8931489982211867 1
1.5762574946843366 2.615081042199552 -1
7.52993331820369 18.690658260948865 1
15.61726208452084 17.180227534155318 -1
8.827930296058186 11.202995077179132 1
3.1356681997416214 2.7664051846055937 -1
13.842599528933148 11.203457547100381 1
18.96001226036265 5.542225769847072 1
18.782885935200003 5.113729543632502 1
17.546547651035734 10.90811986600018 -1
6.211863802046009 16.3531505901226 1
12.529944189859076 19.86392715578274 1
8.420461239396372 10.062175999921577 1
8.503929484486028 18.16260624869695 1
5.814629701446908 8.661588082182089 1
10.056888858352846 9.940127567999 1
14.335125947296234 19.322270276195606 -1
12.481988528809907 13.937399925385375 1
0.6361039157665549 18.65867147964049 1
13.60089900168324 7.480849519480033 1
14.080740116354832 14.822339732280398 1
16.784748507260673 11.064062768333402 -1
0.5691537855690854 12.660204266619601 -1
1.5254427181071728 14.67368108808837 1
4.795912258121819 3.7155585330051855 -1
19.80504411503866 15.928513745077808 -1
14.741441696270767 9.587978719360496 1
14.030412366242357 9.651628243983732 1
15.03369678627169 4.531697150720902 1
5.444857449054492 18.670937494501416 1
14.273471307742378 11.160224956023608 1
10.69807219023133 6.444611775645694 1
15.498767126706364 1.738302900687636 1
8.650158079949106 3.533397876352502 1
8.670665466888936 6.780546746896608 1
19.505071764109744 11.99272965730911 -1
19.39518094600936 12.539420971378261 -1
14.013370468339685 4.433283185720973 1
9.052603472610139 19.45346744238996 1
1.753646759426759 7.799414715823589 -1
8.087870122291065 14.739995586596631 1
14.396591011650337 15.840705924189853 1
16.422540072632586 4.054712430937943 1
2.3751360652518505 8.802607992711133 -1
2.7809714676697306 9.504067466979926 -1
1.5286848309960277 14.03798098795608 1
18.18033430865199 14.284353421335947 -1
0.05893750967395528 17.042074828212613 1
7.916131869508948 17.834895455866185 1
5.529382349304401 8.839312466208112 1
1.0819104402648194 19.630939024480917 1
16.660028082683414 12.70098898048036 -1
16.99390818099303 14.60512637471197 -1
5.313503832993041 10.84880501243892 1
13.848376828953413 18.674735885964452 1
10.338172846693608 10.099910465603063 1
16.521387630545565 8.965139631936779 1
16.828436269723554 4.33493817762052 1
17.627928439871102 0.05820827175247567 1
1.881950669766892 11.221276620167373 -1
8.78915280596291 4.9576910974139725 1
11.07798673123649 0.7996105782102791 1
7.513659587749382 7.451855441017868 1
8.670717838557888 14.342542949890092 1
19.180721006081395 1.1669787431712475 1
18.885736146753707 13.319899887507402 -1
13.320405283104728 9.843538731673423 1
5.727634258771685 0.35608447434021473 -1
18.717572628118443 13.230258883857244 -1
4.351022851358525 16.74064537431816 1
12.823745702682563 3.479418139706374 1
18.316882687881517 4.353993386226682 1
17.54290866530763 8.040136858641791 1
13.950677599666149 3.795988099600631 1
15.6642899051417 16.78462480443226 -1
15.538200194473857 5.055894315095506 1
10.047246767561425 3.465652792467697 1
13.239632107625718 12.237991439290024 1
1.1203707827194376 14.591798568500831 1
19.371850649837793 9.657900049901937 -1
17.33899251251463 12.420297156169333 -1
8.103534286660576 3.050466762174031 1
17.952271095170932 3.005605252854553 1
8.627158191224604 16.68083780198644 1
17.763103535320838 15.105069163783645 -1
12.516487911651382 14.826126782007787 1
19.5211082553862 1.231371905180605 1
2.2477350817544406 4.39586454158333 -1
1.1709755649627795 8.254712577557221 -1
9.75704288342284 4.385199012330019 1
12.385503822454574 11.695953618975715 1
11.426520777152158 17.40560342654189 1
7.644675913064276 5.215250452636997 1
19.035567089272234 8.713613647531302 -1
1.5791586660573498 4.788965264381558 -1
14.983760408882778 8.958920303423604 1
16.378643181163454 5.680940725961154 1
4.486114846329552 8.298899937763789 1
0.7724640792952053 19.552496049246745 1
17.461049179623416 1.5774691704114407 1
15.421987822143299 18.918784165115813 -1
8.475925464484833 16.941912682812266 1
0.5212672706337607 6.6474380163989855 -1
14.384565665235733 13.572129009461985 1
7.984509192535274 9.308703750453446 1
16.18567361919507 8.122510842575366 1
12.805924939340906 4.924550716920173 1
14.150620072140894 4.027459536031797 1
16.009562092264442 18.02752417501799 -1
3.4135950871282805 12.997320469101194 1
15.063760831901865 7.928385565815819 1
10.986638805133381 13.832298720843587 1
6.716888875586591 19.7048745588861 1
4.556616836526047 10.107699934512748 1
1.9180590466346614 1.6621979313244006 -1
8.44071929215108 5.334627396849497 1
12.818553557052896 17.879140231248904 1
2.7216104058822044 11.876034742384135 1
17.806714497421634 19.94196912315354 -1
17.852868523422515 8.198829021263439 1
2.111091761078454 8.081587421901755 -1
8.919902778225413 17.968490476727418 1
8.713667088373198 8.667667671993122 1
1.2610599965667735 4.0434626042507915 -1
17.14700891563665 2.3767889506405027 1
2.2981578731503327 10.602341788419572 -1
16.206242351444043 15.339868638325168 -1
13.195227442450143 7.437682387577089 1
10.688746648131852 14.187471626987984 1
8.358763906966523 11.876009996542887 1
1.9815288241082496 5.149859895845738 -1
0.8123254040150374 5.834421837769113 -1
7.6482493369375115 7.2319135977608 1
17.122847938748404 8.199928843596034 1
16.124910299753527 9.971362323157368 1
6.825576682012981 6.018475090055231 1
9.215245561245746 17.40201459007428 1
8.1890404846916 11.906365766642711 1
7.283882780866278 1.5819831632924708 1
4.68103716689205 19.64758849025519 1
19.87738072405226 1.4101656481680314 1
14.641117628035087 15.116324332831157 1
17.960278589004368 5.442531719900452 1
0.4345970276892741 5.464701778385484 -1
3.035316037957476 11.033043844847255 1
2.7576457421286804 15.941648197805725 1
13.124026120524828 16.362323057158264 1
0.7825489261899921 10.759452902255074 -1
15.915926125294245 16.780452456446234 -1
9.476752826638183 2.1004607291056754 1
15.351564870842756 2.378589782528797 1
11.698844164355611 19.65707631906275 1
19.48671653173908 9.817340277747844 -1
4.569150829409658 2.0240539475497976 -1
4.6920449612466815 8.178133092856507 1
17.13216430403795 0.812820247165047 1
4.074585507301862 15.96711207210349 1
9.472538169391605 18.533362865853043 1
6.464435410406653 14.389334802052382 1
12.215930508086085 12.090003338294483 1
16.392059251466346 0.6243717308028884 1
9.740498339474568 5.163139622531803 1
15.18866457314741 14.072652441149334 1
10.444379184945184 4.799842937919527 1
18.674118866900407 8.405207603740642 -1
3.059031702262458 10.211962149239485 1
7.853919521820338 12.737730324851004 1
9.2678281230042 15.081172572805457 1
15.6287543279844 6.363154571883236 1
9.783836506646658 18.59619489883292 1
4.727228537904624 3.2152446520415756 -1
3.560251414990656 14.998178002246881 1
9.904355810961112 4.5989540955007735 1
17.951464764303104 6.586032945044169 1
0.9054503599274311 11.711608828856999 -1
1.4123024088422698 0.9342782637161973 -1
11.777083503408603 13.092238016982002 1
19.7174846602027 9.501746236000145 -1
16.813800166786407 16.37466766160968 -1
1.702893001575565 1.8602692774814367 -1
13.761327580943885 18.58326286562654 1
1.1747654505004235 7.448258739731761 -1
0.8540289390185696 4.698500796714232 -1
17.90246717147677 15.054864636576365 -1
5.84639395542911 10.332815227826465 1
12.505017564974777 19.16618060501954 1
2.4053907964588683 1.0954636078714008 -1
17.561087644959578 1.85575278580407 1
12.062528823692713 8.588417761251812 1
10.416708188719731 19.077419582055423 1
18.38151510384404 0.963588738878487 1
11.9344630135906 1.0192952323789184 1
14.079421942373928 14.584957757556582 1
9.82247803671502 17.603498617952877 1
1.5463124293754626 12.577475161218828 -1
15.201035836754883 2.2669931875267024 1
12.540298230636067 5.907868577277988 1
6.709188387662024 9.834703934434128 1
3.7920414295978278 13.130786613694115 1
17.72326575098478 7.596847132636326 1
1.8347368812988885 6.046977069760333 -1
19.153714702979563 2.6281879695291543 1
12.582654271713194 10.258488518426379 1
2.8062214159020393 12.937735666201512 1
19.013329519286426 1.969158775670381 1
18.437622304846187 15.213150447533955 -1
3.7655546702330556 5.366943899388838 -1
1.4066160628544955 7.7249320156698005 -1
12.547314948812872 8.53790910755248 1
7.213841780287742 13.38122747249245 1
18.954886000076336 0.0999984408737542 1
4.245405095557164 14.974892766076014 1
1.6363042633770375 3.607970070816049 -1
6.678470793511673 2.3402081841592004 1
0.6894795397024178 12.269174168975184 -1
15.777074101319776 19.43743882870512 -1
1.7672328169067408 2.6231247439172645 -1
19.700829063195286 8.30920961676533 -1
3.568585223770322 12.576101148436754 1
19.468742427693176 16.40344934358184 -1
17.22765089297266 6.545296546930119 1
1.8648888655925466 3.933427064370696 -1
4.568510637576432 18.455310105209392 1
8.842202785501108 18.746205079320802 1
6.276491209540747 1.9430656662803014 1
17.375210353364118 17.596594616438193 -1
0.7432910797966596 6.3655104496859405 -1
3.73202844058917 4.774494424542366 -1
9.675428225426572 17.067741303964834 1
1.7805003257049101 11.709270932239082 -1
7.512524025377678 8.857480932294365 1
16.212869796361975 14.475612424911901 -1
18.283959786328523 2.7451031621121746 1
18.46792388868544 0.05108417266713294 1
15.739479043185787 7.746697853451277 1
15.64906313775513 6.726380116110715 1
0.42133457026508836 11.910942039520613 -1
0.8812961350431614 19.245055181384025 1
10.802621119617996 19.7188192678724 1
7.3196815343518224 15.050303430925542 1
14.698449164770565 16.61852621306313 -1
17.41627180844592 14.442124340211908 -1
1.8636657443528781 15.696162771228746 1
4.072147544046709 4.499002358031838 -1
19.022841960964815 6.3461149869347055 1
0.945661720591493 4.294011472496766 -1
14.53529134148198 0.293287709552863 1
15.457537267932057 17.236029183623018 -1
11.479906653770062 16.432648317804357 1
9.928006850175537 15.292529301975343 1
5.151636193884455 2.6898201444420056 -1
3.8006991230992004 19.40120872863498 1
3.7934532784484 0.46973196169701303 -1
13.052522351802992 0.5534758175556931 1
19.844702910888312 15.248633351613565 -1
1.6583101785076337 6.8336171775439425 -1
13.06873793360533 5.47804719967904 1
14.373547023235266 3.12323424718282 1
6.629795947953183 1.207519652662179 1
10.117998039974832 12.231331070382405 1
2.521088673798122 13.696313975904141 1
0.8876204428262269 8.886201669862695 -1
13.703117761615431 17.77246859274804 1
2.391652172520402 1.326067077264732 -1
6.893253341254281 19.810920858874198 1
19.506309467459403 19.151170945702574 -1
12.154648363372454 5.940686220984562 1
2.1560516030363375 10.650841295846657 -1
3.264591902455769 17.45435796104064 1
15.377914200454889 17.994798168911885 -1
6.299432216619227 3.381472721429084 1
11.093926185994484 4.478770032114605 1
12.955238910082578 13.80057472126297 1
8.511173778653804 14.440267955657689 1
19.830397985372056 1.7030873399918955 1
5.08859074312674 13.51113648359242 1
5.228364765547457 16.085382144961 1
10.654101641114 4.5492948811952 1
10.995839996275736 14.433723368596926 1
3.5252604681040434 2.8928537790233277 -1
18.493653206976724 18.880033476417964 -1
9.38106898949714 3.5055771034575844 1
15.00467693885109 7.0447231749906685 1
1.1521864601147747 2.1334420880920857 -1
19.71512712513598 5.94609947080408 -1
11.34127072194075 2.7678290136314 1
16.86262545716423 5.344149035986883 1
16.954729165100222 14.511651298326512 -1
7.726447135701504 5.499773581482181 1
1.6216858449729332 12.370524001074795 -1
2.8423989424680496 3.568845275973336 -1
19.495493836398154 8.541847717801396 -1
11.156799662180063 2.7137165246424355 1
1.1776727547393362 13.450459718978347 1
3.7910752894733823 18.50310880957261 1
13.17365965163203 19.080297045841977 1
16.670512815957828 18.28458552060583 -1
9.284311243088503 11.077285133764416 1
8.477735730161719 0.952096586737452 1
14.856618998004711 10.649461921338485 1
8.223511910397953 6.894353948553094 1
2.9616231261233317 2.466105469915134 -1
10.184521637040731 0.8980961288810896 1
15.337060499985144 0.5584449497643251 1
3.0397518523862233 14.393559412449743 1
10.326794228612375 0.6502886870056512 1
14.7442190093467 7.667778862637804 1
5.068613046604941 4.397696263567519 -1
15.010737801209475 17.53459772684133 -1
19.82652440646238 18.69260882313076 -1
3.2275039740384415 11.438568549330322 1
8.633180667063039 11.486115771969915 1
1.2212741693868479 15.083193518720519 1
12.302629085703789 4.512838665630552 1
7.482969892934495 17.412243771681265 1
17.39309132330821 2.8486719860643928 1
12.30455320632694 4.136168381407181 1
7.844017063039653 1.4099245501058455 1
1.7330627023155842 8.983901262415525 -1
14.781186637076992 9.302663849954278 1
12.329718322047734 0.4736314651902873 1
4.378169983560687 14.356867520546421 1
18.429050291750585 1.234409020068865 1
13.6819739809291 12.23075089109227 1
18.925020395378127 6.7737216363113895 -1
9.955251965967163 7.146432177668642 1
1.5681503132938257 11.074466310894804 -1
10.356969887908773 14.618873501203154 1
19.339697008471525 17.51802117165533 -1
15.677965999215267 0.4658126636919002 1
15.67594029066095 15.368402333405701 -1
4.367356656409031 14.937194174377185 1
3.147695683270968 14.415769971716339 1
1.2302922864512023 5.978376067569247 -1
13.657175462612525 13.365836753916238 1
18.947078273646653 1.4421780864514022 1
17.296369124605235 11.17500160030964 -1
9.958224117069319 16.49061553012221 1
11.718141359396434 14.76932509794004 1
1.2795018556615445 9.477944289300567 -1
14.20326518468321 11.448730878654839 1
15.455635399676304 17.28242752164232 -1
4.563663715257576 19.76611563307477 1
7.13076908812063 9.35500575514334 1
8.604137020468494 8.78431210712699 1
6.6083955858093475 8.678849296699653 1
19.07190256685438 2.3521450495631524 1
19.292958650433512 17.384532077682866 -1
3.8553016721312194 2.4040989834061377 -1
3.04986477608574 14.941373233895076 1
9.650052097509317 13.27639048445694 1
14.290192601121891 7.646248147804144 1
13.393465828536481 7.645527227472185 1
17.98088905996862 19.556968551866856 -1
3.4740756103303205 3.9337139872563776 -1
16.800804279682936 7.068108124076964 1
8.056149243140547 4.888745170723013 1
10.307423069373467 12.002930536555407 1
8.815599723327738 17.534311757545765 1
6.248696381551819 1.395855184566237 1
4.965830377707134 15.799919131115601 1
13.048905012706417 16.06568672795557 1
4.659089271948242 18.87790738174154 1
5.017013764949427 4.630602058861686 -1
18.68093266727431 0.7183383845731783 1
9.97050982845457 14.791683330603991 1
14.812431929533563 19.060797972206363 -1
2.7372556229068845 9.512555194792547 -1
0.31678775570169737 16.01544104112856 1
17.39240021148965 12.148475484578206 -1
14.714054478160275 16.44389288288051 -1
16.106951728264512 1.6290028065896633 1
15.33968977389174 15.253893235638893 -1
13.129109942890322 16.474148088522004 1
4.1397013794962545 0.209862696369143 -1
8.689029024064645 4.724699940761838 1
15.737172390654788 2.9748380241587746 1
19.512173763014932 15.793192152578202 -1
4.0119905745842654 7.837521020301352 1
0.14599162800814414 9.792766783135303 -1
7.2676314999968294 14.941445054702458 1
12.449139559734366 0.07696054152282805 1
0.5158820795714725 12.821571838072428 -1
19.36204067240566 5.524233194311579 1
17.49241767520744 3.66688351295819 1
13.472077558591756 10.526828831039838 1
4.723178031585671 3.9658415245181122 -1
0.9062586874211931 12.694348826236418 -1
15.29352468079387 13.054844792325436 1
6.728721839763829 0.9581888627206703 1
0.929181258115126 2.578120075993635 -1
9.28998360793457 10.063786293705444 1
17.580001003859362 10.980737537849661 -1
7.869356335393187 1.3633910349730316 1
1.9046362394992356 8.894744523486251 -1
0.4714972608318946 4.372862266928879 -1
3.8862022023098985 13.641683450576338 1
16.782586443619287 18.73177468734054 -1
14.266080282944962 14.063036412246996 1
15.061152667992586 2.006898743574481 1
4.565018035033146 0.5034336706782616 -1
11.133106177703134 15.204896207918262 1
2.167725648432417 19.00972974383751 1
2.6800654688169345 4.910857562049804 -1
13.279194704631136 3.6723393412842498 1
2.6545943869812794 8.645093178284553 -1
2.518001189982577 6.523511843902061 -1
1.9254978208762208 18.331360728688093 1
19.49387619407259 0.5204897638639894 1
3.15086352810084 5.695500295110301 -1
9.923876189801495 17.879794925109135 1
5.396051886890747 2.964232749842768 -1
1.6734920313921031 3.3921527901783843 -1
12.15838543356278 2.4096448030415085 1
14.566094203715902 10.33585526269908 1
4.229807078070658 9.085684247077383 1
6.886116804906566 5.219640845428186 1
3.223316810967116 12.528750142026597 1
1.2084382543100802 16.824454026791894 1
11.608519503129418 15.245263062677992 1
7.518424143716185 4.876720985344547 1
10.746155327486601 8.484866155952774 1
2.544154743144047 14.174071473485167 1
9.681011087482283 19.098697945127658 1
10.804361827064907 1.0977029616787215 1
4.3471429034864855 5.207957695006744 -1
5.08266173979967 11.183877926627911 1
9.358873517462154 12.958760276712 1
1.8706726744785396 8.7903226557533 -1
2.705552583246491 1.8150701076356701 -1
10.779663207681942 12.881565354684772 1
17.437612834937465 1.6422672937678118 1
6.002385049034826 16.570554705520532 1
3.8259694972265623 1.2597021134191744 -1
2.6137982515890235 2.2921631235879802 -1
10.496355217804464 5.191353602848059 1
0.8314022450436798 9.347466172360539 -1
13.68470541307638 13.019507979995389 1
7.312948586106089 6.045971117723175 1
0.029245881214663427 14.047136976512789 -1
14.151308184992546 4.786251480564272 1
0.20946141314366784 8.900454875991828 -1
13.433327796406907 15.15372084593608 1
18.26165939983566 9.253897334403803 -1
8.061521528255708 17.477561220792044 1
4.545368807949799 7.035559558278304 1
7.994480507901374 17.277106218368168 1
19.104351746878308 5.271903088951245 1
15.14392083182895 9.641257450860316 1
6.560532509142449 4.156331308573926 1
19.873312503115578 1.8227941639733825 1
13.698677267571675 17.9770027182887 1
17.375064669949694 12.19271747287912 -1
6.544200265871309 1.2150451287138075 1
3.1602824354399583 4.188050963071214 -1
5.005989408924682 5.425107252063075 1
3.477130395945347 4.99980843829154 -1
10.050683925247537 12.43596719222431 1
18.680873346911525 0.48610146833397927 1
10.894365857814385 13.959695688819009 1
5.4107024567157165 10.158666829778237 1
7.842159250076792 12.873664757151102 1
16.88547389460769 9.07935246920357 1
10.175762455113471 7.240455768610577 1
19.712529025809044 17.116395485823666 -1
7.883464941096953 4.5565176204057085 1
10.310792708224028 0.24860080040268073 1
11.046739965164019 0.7711991230658155 1
4.381374140207228 3.4688129619649755 -1
1.3420308241773826 6.293561679447057 -1
8.815932058123245 0.3263528301757401 1
6.385875965925509 9.505164269638144 1
7.015092898464834 0.26137579213573625 1
9.546058680931457 17.222785704877197 1
15.796242617299985 1.622382038400667 1
5.360991186954558 1.1058397667476472 -1
4.902047815609222 15.621400844533266 1
3.854075997444517 9.179010846686484 1
8.578086241606709 14.469644614684158 1
15.799318206763587 12.4414285961385 1
2.770002088084995 15.549709080479708 1
15.38899668939333 7.959471742553199 1
11.197635853254368 2.718684703964802 1
16.77373036282185 11.891080277702624 -1
18.895602648743637 5.699818953786984 1
16.58980535296896 8.56523128413025 1
12.766829070131854 9.008649080725103 1
5.85816489522206 15.04101759454877 1
15.277588020103604 2.9728159745021454 1
1.5339941824959524 14.496548952805258 1
9.629606007062371 1.143038557999998 1
10.505355942101849 6.348677131998086 1
12.57683906128805 10.75601788285816 1
16.98387849189124 16.180327181274478 -1
14.511558173342078 15.898320531642895 1
18.000010960808538 4.352995723691793 1
15.526403295528725 16.63356538457374 -1
1.109911785217057 8.607766232241257 -1
0.8661068227384816 1.5935295190019905 -1
3.4405481300473317 13.008962157503635 1
19.514611956724558 16.397061320594293 -1
11.84412944271511 13.260347729242783 1
15.620342001630661 5.7489754731079135 1
0.2025254757808348 6.724564297291799 -1
14.044419100838896 13.18438300701123 1
11.816843308680793 14.402272413532582 1
18.523642588619854 19.162192542978325 -1
2.336884193503177 1.6782499301016607 -1
3.7720883281232664 5.5747967277277555 -1
1.8297146084369542 4.817478967545082 -1
11.302208124257579 12.729246123989578 1
13.356131694250209 10.995034028051442 1
12.828346180150385 3.468488535783949 1
19.818327331754432 1.0693681377652275 1
4.822618700906274 8.339528037700411 1
0.8615861019110582 6.359370883523812 -1
3.1251338671203888 15.578654502012405 1
7.25738876492076 13.361355868285536 1
17.46755952283259 10.17216141036813 -1
1.4648150307714292 13.64291888951222 1
2.3510810087829603 17.364254583159216 1
9.961683630141017 0.07638161502459662 1
2.9268205950953696 7.722142854367984 -1
5.456384857424313 15.125326109499877 1
2.3588197824058743 13.231571609013857 1
5.235902703019388 2.07349927717968 -1
10.606713962781331 6.884347545069813 1
15.675051378827549 15.886154722965326 -1
13.64727672118933 11.832691928646536 1
12.32647609209566 16.819669316295247 1
6.86101523386024 10.423517495813645 1
0.030514776166441493 16.946072937927372 1
6.6420553411501615 18.289035953263124 1
8.128529517987852 17.43488322481034 1
10.246569572038315 14.158361752782113 1
2.132863666824758 2.735445122610356 -1
15.477040432375983 12.168061245252265 1
15.101098693498415 6.728742639756902 1
19.00667857863654 10.187896412003703 -1
19.481832505226848 15.468430121190984 -1
4.980349560637167 5.04126415576067 -1
13.343712840666118 1.3066190480656537 1
13.985394689815847 13.488141408367243 1
3.6690023302606045 14.000731469718016 1
6.567754121594806 16.451607577754373 1
13.787487661527614 5.8235177202560395 1
5.1758497899771 13.207306598241672 1
2.0460597323124885 19.749109328154358 1
13.746694152488066 12.118495005449013 1
14.453840437698442 2.4637719679784675 1
15.105742134460488 14.987587810871814 -1
5.312251637216507 17.250786966785203 1
12.934019823363531 13.208420404218002 1
6.733958783852341 5.724692405266676 1
17.263106345221207 5.641698684621588 1
10.474150333113542 1.940874586952015 1
10.290570550696476 10.499414826919597 1
3.642146012009939 17.58229805402651 1
12.765490721617713 16.51226686085089 1
13.630859333977188 12.72593631081022 1
0.2757322550588781 2.2674194297633843 -1
6.996168820262758 3.117247864142829 1
13.475668865163641 6.8422118578356494 1
12.037784787603677 11.931822971058816 1
6.6250850467886035 19.722704780575942 1
15.477731901971342 11.679108578439145 1
4.767009115321508 13.484239306993402 1
19.902093932113747 0.20390055865325385 1
11.454274857768851 8.824465069504846 1
0.5262032519125137 13.667072595488579 -1
6.141627156061633 18.277567234696154 1
7.362988736031109 18.937792340089857 1
13.192228604841231 2.3017132244969174 1
2.0187187887280733 8.005258035220365 -1
12.90444663136893 9.420015942688995 1
17.109922335461423 17.81876733349376 -1
19.046840889531943 0.7085937696725231 1
0.6897869409060919 0.39071464409853096 -1
7.096292980409311 18.163583577895622 1
18.0918740354727 10.047893006086966 -1
2.7062582271137403 6.342253585034956 -1
9.243520176519414 17.392257164992554 1
10.889146969666122 17.161634325269187 1
0.7708189828628886 2.833084733256994 -1
2.9788794219516013 18.851377421858714 1
9.111621127498228 6.478257706131972 1
0.646678215375196 11.795820271388353 -1
3.3725090224736154 15.723166454535576 1
4.075207469886333 6.3635287792305295 -1
4.810241794999461 17.05151262478876 1
4.853190388975326 0.8108658096079946 -1
3.5876947347597854 4.363081176183914 -1
3.2346672832672807 10.959410595679184 1
12.848847211940203 2.5693212715322833 1
14.114096759774979 7.585341147894007 1
15.1769106802036 12.248364712612794 1
16.400520596074863 12.322176973636426 -1
7.14420637059459 8.826888981456714 1
16.43105672447083 8.366542018234313 1
13.931951911131792 18.05701192860244 1
17.646004414684654 18.389917990257185 -1
7.892632105566606 18.482188230958766 1
15.95489212673054 8.797609450324554 1
2.4471633294897877 11.136861242514184 1
13.05480961956417 16.83944449100472 1
5.853602127769806 6.900398542104218 1
18.41941625164948 5.065010135687622 1
8.153667417934166 12.72662501333116 1
14.75903636525528 6.2294938764475605 1
18.9978794724593 9.39605353973146 -1
11.45929087102683 10.99450185719393 1
14.069660714482254 5.48868069387237 1
5.837739456666354 10.631486609894512 1
3.4732587454941988 4.951014104202775 -1
13.015045565375203 17.423711811710604 1
6.71989517034868 18.931760356795362 1
11.779199603968983 6.575957883581687 1
5.841068202793121 6.486401836404497 1
6.02837872192276 15.179450959741978 1
10.677475804288994 3.3016560089292724 1
19.210036565344023 16.142785975399153 -1
8.536544957452703 12.766607158546782 1
2.6308659408601187 17.987888206476043 1
4.181098988718839 9.51806623061289 1
7.59429367237249 5.023344565091799 1
5.506214094549757 2.013507906491807 -1
6.029204040776063 6.645713061528862 1
15.28085279715076 17.73571243342717 -1
4.605621221210139 9.382704267212281 1
9.975394203503408 12.30901288617285 1
3.2901093919886604 0.7804074525577742 -1
2.9657083675771645 2.1078453556136667 -1
0.8756758563775358 0.3500102027258478 -1
1.298955190634683 18.86406341861232 1
7.228004878191836 9.527756979163144 1
12.725825052445963 4.33027291978894 1
4.821869241757262 19.965153266952697 1
2.848453414997285 3.232216137786381 -1
10.598608701694399 17.4547194510288 1
1.0027966707297042 13.54402455881675 -1
3.25758478475779 7.409870707432733 -1
7.88876628482674 14.545926505787536 1
0.8015621638921666 7.055783529918362 -1
7.980959695583783 15.174791330086776 1
18.487993175038305 19.351392328293894 -1
15.397358063204143 7.853667187380456 1
8.295211871424407 4.150935468489221 1
3.1728908421061197 16.28724962249267 1
17.59458475869593 13.226760633139955 -1
2.779293506852094 9.63599851322826 -1
6.926677092155877 17.513365722460048 1
13.252223978402258 0.03241001153234446 1
14.611552042507018 7.295952398909815 1
7.431131235670652 5.578719660454901 1
9.380323522888583 9.055032087989122 1
6.586898476272198 6.76610398420655 1
11.297137815926611 16.291919114876542 1
14.106817182221171 10.681224783366607 1
5.947772851840021 15.898215164112878 1
13.925979504547424 4.416740701407045 1
7.203085016658295 6.495682868946531 1
10.038707485568484 6.7781922759632 1
19.82256744064105 10.661179364834837 -1
9.693164318545344 15.680454715109068 1
14.74530069825474 19.06459960199736 -1
14.766838943515086 17.5527220113307 -1
17.122622638134054 11.286073939609885 -1
3.3401014886129254 14.62177308276917 1
19.97887097061923 15.441925567356655 -1
16.629582795137097 16.11906021344015 -1
14.8435799412484 16.737195422452693 -1
15.212652469422798 10.257922349208195 1
14.780544487274831 3.675806217729538 1
12.868793838179606 5.253025763362764 1
14.946202902965435 9.897732408358529 1
16.38321842968007 19.70490607355474 -1
11.14181106847033 9.475812180806098 1
15.302590206186293 15.348266419555483 -1
17.780921999104255 13.993127041275514 -1
16.90225116407867 18.46347381856364 -1
13.27570242172113 0.8351527217273302 1
8.518885495675715 10.17647082416758 1
13.052669608882443 13.869168300863723 1
11.922084269198944 0.42310587238554076 1
8.240437823563918 0.046685244164854645 1
12.542796200275392 15.529660751708867 1
11.529120112668092 18.45295072722212 1
0.14620146803435263 5.162143709810434 -1
0.7830406810420398 1.9408492910419928 -1
6.931051059509263 10.82268842894889 1
5.695462403797422 5.724815607969633 1
14.057068579084211 15.122187035794088 1
3.1060501778048955 2.1736491100810906 -1
18.246528408393452 8.734063531399244 -1
12.558832781884526 16.529405137617587 1
6.375656892548028 10.23487981869813 1
15.260454370373083 4.392812202123375 1
17.866045006292122 12.963235132283273 -1
16.805530011067923 8.553955067281624 1
2.20577744601258 12.57922061017899 1
16.867969386487502 0.11024121188377034 1
2.074522580199958 9.182454252426524 -1
17.514138573469495 6.801943390660103 1
11.316360369666615 18.647510171424962 1
15.875788557896726 0.10889835100420964 1
11.398653623752077 9.261341541914192 1
6.627685030554362 11.89023086612834 1
0.014793280004670173 1.7980676793630357 -1
5.046926586535654 1.2122294312666981 -1
11.133197902534334 13.842284102821171 1
12.387952777609144 12.497810771864067 1
7.0644524450200645 12.472840304452122 1
1.889286301740083 17.244268336957415 1
0.013029269843884972 3.3447897091512857 -1
5.935079656992393 13.294293114029026 1
13.099546213278208 8.75803221827789 1
12.726568786113475 8.008536017788789 1
18.984057537950406 12.476916025791947 -1
14.275565354502376 14.676252456839405 1
17.990400406556745 14.865871415066545 -1
6.614157556934366 5.1138672317787215 1
17.02615558883232 8.331913066398846 1
7.8218093192256415 5.639562657399089 1
5.61230531745527 10.115648600971408 1
9.803093557407212 18.47528403687705 1
15.981210657985528 17.14818680626217 -1
15.706308664408999 16.115839776513 -1
0.471054458696043 15.992146088214781 1
16.455276860051523 12.318040469053244 -1
1.339430720337036 9.81072412721986 -1
7.073639620938947 0.10112434596992514 1
5.638296642669303 13.859585434509345 1
16.31300781321855 4.512972455808395 1
10.93702386877979 1.1720958023545136 1
1.5533452954486648 5.904924114500519 -1
16.449828706724013 10.909217576294413 1
5.026004576111667 8.071264438815104 1
18.518382955465505 3.2711629453899027 1
17.116859116089437 14.847742641446963 -1
9.419948823629987 16.91867868278166 1
7.839011710450656 18.62677137400836 1
14.115895323522803 17.527618384673282 1
8.521584482812475 14.735218883663537 1
10.82500590835073 19.401243674984308 1
12.34313304886577 16.734009221958775 1
8.200504683931033 15.990475422649165 1
14.545257472000607 19.437004783812316 -1
14.409257758984086 9.723089460853467 1
10.99400753147528 18.80994738144476 1
11.556152266786079 6.718645126465583 1
17.213720413864742 10.898501088190017 -1
2.6661700157429236 17.76670862238077 1
19.099957505442053 15.547723778647327 -1
7.831215510003393 3.3717129714907634 1
1.2252264869220775 4.913584511726318 -1
11.148282135889577 17.718585158756106 1
18.98323250029969 1.6304096573847038 1
0.7200781202171225 4.089045701579986 -1
6.774400614773555 6.986440368813611 1
0.25875950448612794 12.559266017893854 -1
6.017472460414071 5.572945825891765 1
2.7279493218857387 9.735358450368516 -1
13.978989177461312 9.610636022782655 1
3.977761008118008 9.833947918031885 1
17.244519258823694 13.5203829189911 -1
17.47206091395657 16.590854957025343 -1
2.11251205070631 7.293554488090502 -1
9.976749089068521 6.281708572356686 1
8.2736940663254 5.830537745405959 1
12.47236605957583 3.5640782223125744 1
11.845951422457786 10.654311170071413 1
10.573857152975341 3.9015052456260446 1
9.16667789371068 10.269206176677312 1
4.384866193022237 19.005588759721974 1
3.7015982016237703 5.923287530443462 -1
8.983455801572973 5.033063944289715 1
15.011104685380568 0.6460456905165524 1
3.6306880321999713 17.200597505732283 1
10.922179888589827 11.171397361852568 1
10.313024269890361 19.030789172625276 1
11.886006517418434 14.71925565709229 1
10.374038719996776 19.61868082576005 1
9.958399514080348 5.597214840286682 1
11.760469284565655 18.10881383109933 1
3.92222519573191 10.197186213464583 1
18.802162721970596 0.9986997624643346 1
16.778004300563193 13.200089128350204 -1
11.465001447937684 4.935317550343488 1
12.160923101820739 2.6649911486780664 1
11.660425672450048 5.347048131757484 1
2.1995167819958072 7.167370972941043 -1
0.46470704323930523 19.55423825236173 1
0.9133110090488028 14.264456687808533 1
11.995649839593337 1.9273565305655072 1
4.453745098962676 6.303875325262373 -1
7.213930580958676 18.21250001695218 1
12.324725865988773 6.955130389159631 1
4.060826252479302 16.319777606748247 1
2.1762032678512866 19.831704681653378 1
9.11359659396206 1.6708857702501367 1
14.846174034543463 19.184869674940387 -1
0.3343312900190787 16.627974439816565 1
16.033565740708674 1.8885588122988128 1
10.507599263477607 15.576672955992244 1
16.316476108656154 9.797945683514296 1
16.606765771216278 19.91194021407726 -1
12.187277964717378 2.05265721542941 1
11.598378399755813 10.476168604024078 1
17.358127758232698 18.008814065935372 -1
2.088550754063503 8.92477296999397 -1
5.797451281246435 3.2223959407594083 1
17.73481021049441 14.045254357058791 -1
5.790007806704464 13.269688861896629 1
16.491396145452143 14.231529294057989 -1
7.770166406613608 3.178867652970656 1
3.5255392784588557 13.116081595499429 1
17.760059162725877 13.860039869491507 -1
11.036774094209058 1.7882856503404443 1
2.951309513177729 1.1593649398618222 -1
11.23087287981722 8.078027072320925 1
16.301061148448536 18.026136381880335 -1
15.344518485043563 11.059525402566928 1
12.970065897955465 15.770000355332144 1
7.886366597817984 7.2310475586966465 1
3.012625848411432 16.49876888113311 1
17.154676098018967 13.75198574331564 -1
1.9351989826716243 5.565556496295708 -1
10.611222810364405 13.669546147539716 1
3.572539554686729 0.2172642607718167 -1
6.835735072668847 8.243082132145318 1
8.18723501307736 8.624700944800201 1
14.554629665009474 2.274886182446534 1
12.780574928774762 2.0879295945505816 1
3.6323537081748936 9.782036561638566 1
10.309682244526702 2.4486893582241276 1
2.9331640570760564 9.394670078572736 -1
9.837896893038724 16.605043748287148 1
5.60572045413295 1.5418411112467822 -1
0.6024090049592434 10.511674104467819 -1
3.612384287275301 2.7869102112438715 -1
19.5651924915327 6.162519484320297 -1
10.219660523731848 16.600168951819143 1
4.2203024187337075 6.790754987045721 -1
1.6857375536556152 4.40721912260905 -1
0.2626437096999057 7.8843680213935885 -1
17.525624305208396 5.92737215831731 1
7.180339484029162 14.603887519844314 1
2.503905123034671 3.617142794872794 -1
3.9148724497136045 19.802087358435603 1
12.899671960321902 12.459680430749245 1
1.4401864758057514 1.0837806770931668 -1
4.607714658083532 3.391757832913982 -1
19.44398156832069 10.20709574521261 -1
11.284593111001811 16.335732779254798 1
0.2514603041926988 13.61590211151092 -1
7.0177394159714535 7.104665096512264 1
14.713814170414658 19.006345168380506 -1
9.890269595412564 1.3745617868061366 1
1.9907715255857084 9.568723809254946 -1
0.33371453979851085 18.468500177955974 1
17.988561770720512 4.909226550157186 1
1.3054218337170087 17.87316027028151 1
5.671675930799003 15.644325131555217 1
16.0968894136666 12.20908417554362 -1
4.548841877690581 17.273904359362824 1
3.9738534903049394 1.8017501023869542 -1
6.3406590269140795 18.17748636067274 1
13.8684485377901 18.05134454648449 1
19.168370098564157 16.441197547455644 -1
11.988325883059847 15.474884058265781 1
3.5602789960659464 10.711389849074699 1
10.47711706327613 5.595127850582764 1
10.154354323235669 11.38413452553264 1
11.155180551720708 19.776501194328524 1
1.1825920007740498 10.1780587602228 -1
0.8890868702427612 2.6590289528042144 -1
15.654734446756628 8.50130729056148 1
13.282842777016391 13.017062599829599 1
1.615987654232851 18.011659291552093 1
5.153374709545114 4.670364605586008 -1
7.935392654918578 10.382149287569254 1
5.647324909664409 16.50089264808339 1
2.788555693948638 7.522784596119396 -1
0.875752613114531 17.679413743814496 1
6.330459371870076 8.372262563089075 1
17.58785589341219 11.88184945860212 -1
11.011112422195577 3.8618553832069247 1
5.674360752076191 2.5760489860644253 -1
14.56883855311042 17.766917455485686 -1
11.185765228944227 0.385450442106301 1
7.943008398712442 7.89975228511643 1
19.07014041445291 13.086888976593457 -1
3.180083234265987 9.460852612635339 -1
7.97974224940361 18.97557976893397 1
14.863845800101403 0.35381333131169423 1
18.265201304934113 5.1310902502325355 1
2.6827350352139456 16.882497837522948 1
8.670597017200308 13.543898119369853 1
2.454230358617404 7.487313554295629 -1
7.262258007297024 0.11290750960799123 1
18.258265235481687 2.040745615080859 1
7.768649524307651 14.200084685664542 1
19.288677205101145 14.710560813437901 -1
3.7782535372493875 9.729147702358379 1
1.6137330576377185 9.512398440192232 -1
10.136869482405782 2.741033721415733 1
17.24380432042934 19.411722923988407 -1
13.405296332618892 14.869640678305881 1
0.7362908769869847 2.198411690707258 -1
1.3828938321083806 7.377129796628794 -1
17.024932175177195 19.345521220573755 -1
5.472039486506237 16.188850771164045 1
13.242661680041028 17.677063784755212 1
9.05304649280566 4.793730759651236 1
2.014215960297796 17.907905493400445 1
10.058621566781321 18.926760578403467 1
14.026708208274805 8.982171727072767 1
16.581484353116014 14.625978242961574 -1
13.643438674268113 12.624843489311065 1
0.6182991686439321 19.557142790195364 1
12.908226411209561 18.634484230666477 1
16.94759506656066 16.425064564995598 -1
6.494583273867658 18.18334751550926 1
11.658892480779432 6.841349999950193 1
2.986083986438053 19.754370071494996 1
17.994773185651002 4.194079888304003 1
6.3313173694459435 0.3328568839735313 1
5.937172074679829 14.86575071533492 1
5.398828434992851 3.0839316273147377 -1
16.363695877666366 18.57156267477159 -1
19.264507330740237 1.9851143805948368 1
10.619306260509742 10.640930028392084 1
1.1958906250804846 13.746670050059667 1
1.9932293746717678 1.740883109644824 -1
5.254894539041725 7.840648195489049 1
6.86050303054061 3.840782120562949 1
6.022512315895659 6.572818760865474 1
0.14208158960051342 5.1435797038772835 -1
14.1560510988064 18.869991687066463 -1
2.2569634003351657 11.259622150946191 -1
8.321513054713822 13.818480806817142 1
2.884338458450615 5.074775617296055 -1
7.500745509334623 12.977767168458863 1
0.62327376120622 13.565441276327384 -1
16.755036074847276 4.106686619518527 1
7.031996609199156 6.238801319597833 1
14.23384142106853 13.177751336736845 1
8.548364037909826 6.927426539857815 1
7.549381902140492 16.41850220113335 1
0.43762708626301494 18.3431467044107 1
13.594855655794477 9.607055835086886 1
3.183155539806517 17.095876380463693 1
7.466068850555089 17.96231187758842 1
3.630286456400338 15.808867634302665 1
3.3532966781487583 6.70754339960145 -1
10.713022468230104 8.512631860736533 1
13.102234031903226 19.749398044996266 1
18.737811664008927 15.675574651332866 -1
16.59991372102731 11.90260220300396 -1
9.968192905448653 6.030149448002584 1
12.223510633012836 8.7039457742783 1
2.6486082561933877 13.779124807713025 1
15.296978795378902 7.097412407018644 1
0.6252145890616245 11.8173454301001 -1
17.832495532418346 0.1355954451037844 1
6.366073858986827 4.280143010070523 1
13.790725379483245 9.330818445998698 1
0.45260936006688013 5.030329008877194 -1
10.675940774686016 19.402671125114047 1
7.508767568180266 12.621501431472904 1
10.48907212766957 11.906940308464772 1
1.0538429295460272 16.82615340788103 1
10.893789978013384 6.594205630373082 1
7.90945953655333 16.992876083136196 1
10.907753158402949 2.3346464288755198 1
16.560734597259867 18.297712021029092 -1
4.513186487689413 3.058890132025587 -1
13.266180808690908 18.38050954701169 1
10.287984304775204 18.403011472504215 1
4.730430437858528 3.9078995510017167 -1
15.490573605996723 3.6090735664403306 1
16.798402469772967 4.280304474603211 1
8.988782864014144 8.720886543126387 1
4.899064737009747 18.001167101297632 1
19.005021012711502 3.2279339023670106 1
13.861462818417703 16.152370147686955 1
18.857075444454377 9.04870494738085 -1
2.2452393026258943 16.97059429993546 1
16.70589189532965 12.10794965162834 -1
19.47237535525546 15.69515221971563 -1
3.7787112975718484 10.750650896497483 1
12.816438727970683 4.65860488554558 1
19.617984754163118 17.84879650809621 -1
5.70013674434851 10.017264208288621 1
2.6135096240492683 2.695311448033495 -1
8.771513467000375 3.5694477907540545 1
9.407266636609135 18.64278841176526 1
0.8736623237276575 0.7851516025279826 -1
7.717463754904175 12.932943389648273 1
8.292348351685543 9.471573282846764 1
13.710331318701494 16.27599760842751 1
17.560473239543956 7.424709390916191 1
17.25523203775138 1.477473430407621 1
19.6178479646334 1.9680251535342563 1
16.230700827374335 2.7731701705408196 1
1.2692599488859146 19.454980744191573 1
4.506032219755378 0.5213632526358425 -1
13.653363798325696 8.61297598460805 1
7.3050980100946745 19.514566334388295 1
16.829450189073928 18.032059894031555 -1
12.36607318065802 3.411454660562643 1
4.608680458189111 5.152529610552696 -1
5.642815250816713 12.652850016736913 1
14.400900645052776 11.781326495084778 1
6.250641552495127 8.71393427639873 1
3.1176946324982358 19.467917357869528 1
6.941303313623822 13.65815135266287 1
2.066842349844773 16.996132871954515 1
3.5989745461898703 10.69652810270389 1
11.292909897780891 11.799209947002252 1
0.08110675411578949 18.819430343042136 1
16.963203072997985 17.281073971891843 -1
3.1850387568108296 12.556059590228585 1
14.167866926622796 8.827673573771225 1
16.603268538802716 6.530258747851249 1
