7.6140254764308235 18.593463273381712 1
12.835051292258449 10.859252798175715 1
7.375852111968024 2.9177990135410625 1
15.670074147368574 7.016891527495693 1
8.781835675395866 2.212876024979722 1
19.238080147920552 18.801781634682772 -1
12.126380997128784 19.552397890686024 1
17.77094732442786 6.22731380604201 1
11.199873574936976 14.1342895520902 1
16.823831432920052 14.554595785550415 -1
19.6081238290543 11.351024674592269 -1
9.446420037057075 19.432560816891367 1
7.908253221262685 18.674103078249736 1
7.068636617893771 6.049551799051372 1
1.3345793124029748 13.888937991192789 1
4.220058094849069 15.131469955545052 1
3.6107182053271702 13.095307298844116 1
18.48746627182512 18.5629710512359 -1
6.191771610704404 9.892442122770627 1
17.525101697911655 10.474610722827645 -1
14.253135359923203 4.296725265501877 1
3.467366591765386 15.83023593372214 1
10.840105908647965 10.193875143772608 1
11.75384330967616 7.865332750255389 1
8.815127254753982 3.5064085312204885 1
16.161691642063946 8.16844504026756 1
6.587178760735501 9.761065423297474 1
14.75061328810553 18.764182363161886 -1
8.080457305463893 9.369805399003626 1
2.460746180795257 4.24774808782818 -1
9.997154695345108 1.691869499987817 1
15.263995342800076 3.837313818958834 1
0.15180940129711162 14.823329218152974 -1
18.05447607929467 8.151988236852329 -1
9.502342373454415 17.06442914548858 1
3.8738894896563614 3.5895178561366037 -1
17.47556707567891 18.14395593895678 -1
15.602817189177413 8.369275973782797 1
5.28259413903424 3.5337604731899486 -1
12.909061408889396 18.62249741667267 1
5.142236061539574 3.5654662039315888 -1
7.029343090019873 10.353119985339852 1
4.678149892397137 0.5653115673128473 -1
13.870787980458221 3.65900975018562 1
15.228121663175125 1.8519684879284282 1
11.953823317135516 9.294738740524197 1
0.4015573191504229 14.196102234112939 -1
15.87823745567021 4.473504613491137 1
6.943890630361573 6.219319012294617 1
8.279324903032473 4.7471792529936385 1
3.8142838926085743 19.21408279729618 1
13.651196870224815 11.869880009071835 1
17.355646400875525 3.995067643833523 1
5.9494773256469236 3.7418686769034237 1
10.53365759969771 1.646325390410197 1
18.545785008460456 11.846982940943207 -1
12.444136221266968 9.407556679624376 1
9.891534441997399 4.038219695434455 1
0.6357492750097138 19.446680644991073 1
11.158763673076885 16.092480356717843 1
13.267718565002228 7.894791446643168 1
3.160844112622594 14.146920272482518 1
0.7198306618180483 4.273522614961285 -1
19.01607886457421 1.9457207508044294 1
16.994716659391887 7.323713044513873 1
6.302367291086437 11.76753006783718 1
0.10002779023535968 12.248206044373317 -1
7.861255502528561 15.970219495159084 1
17.570778940829463 16.51049648166774 -1
13.944855644785303 7.281004400568801 1
18.389798575918526 16.584860458122442 -1
0.05927207753918751 0.27638524328171377 -1
15.786877167138831 16.432499913879933 -1
14.643326650120471 3.9377807269392617 1
6.744855570605726 19.98214950405989 1
18.631536928815976 5.735115258468566 1
13.513563453591036 14.522487788426414 1
4.98544895356104 11.382043004125252 1
10.030162320856338 9.667614810723519 1
0.437592685253847 1.22288818788447 -1
11.867110851912347 17.43575345381879 1
13.977473514393283 14.152793392640088 1
2.1766262034292616 2.9852377065003988 -1
7.019177866531942 13.0389706595719 1
18.073165444366786 2.6807722339985873 1
18.725327343995225 1.8023557584511485 1
11.993115746635599 16.416832551008742 1
6.622261602259649 13.635374419598971 1
10.793531741014327 14.503998457008171 1
17.42650103609564 12.272936404365499 -1
1.6994203887180293 15.927908451780723 1
5.912686277160255 3.8001763631499963 1
18.6817192032164 14.4194414603333 -1
10.688349734076915 5.171865746622661 1
5.445787984161923 11.528616842323887 1
14.901036295488408 17.434836537632968 -1
11.932871532478284 1.7736422585731404 1
7.18843649460676 6.586146217255459 1
0.08465726393238837 3.9404096247021014 -1
13.59236196121935 3.066135859339165 1
11.593708782874184 4.73667382569221 1
14.69254171697174 12.076932939378604 1
5.460209682694639 16.259039210793727 1
13.876380094473168 1.233353869579643 1
6.398101402947187 7.109792488962913 1
2.4459644681538073 19.494571114861387 1
16.481374399300805 8.504520247984706 1
15.1737802317004 1.8913200437511613 1
11.893904328178937 1.3403656220273352 1
5.953735349709229 8.25481354230029 1
14.243900839822581 17.948675571769144 -1
17.354256688987746 10.969956446058928 -1
11.626679021606353 3.1346985148269724 1
10.165377912361988 6.71684443992212 1
8.467130652261874 13.110901817234385 1
19.441896975137965 0.23094122003514128 1
5.145920109786049 8.059386054863914 1
12.079829174662763 14.303739696855924 1
8.51109050576461 14.31276665207868 1
17.623547578940745 19.5621150289175 -1
12.599421217206357 15.521818505041464 1
8.786154612497814 10.005977359440557 1
5.23953381817954 18.68207202005712 1
1.075781507812541 15.850256508759566 1
10.681398881521815 10.520457326792922 1
1.9556781595768524 3.908632499319711 -1
10.994554503914987 12.49700474523557 1
9.126097691930502 7.5728543617667965 1
19.7000006590481 18.55551405903684 -1
14.801154688068829 13.38288084981565 1
9.948395312505674 18.76100069030957 1
18.26397141563209 9.249493957091484 -1
6.529823902484473 14.090656993352578 1
2.5186053605030967 10.582430009137466 -1
16.09808323757416 12.89894486244921 -1
12.517383655031274 4.893493070126151 1
13.215068191057899 7.956363903764845 1
2.227447941464842 12.885511090577006 1
1.1685069670068282 4.46533649114762 -1
15.710454891122259 14.604404180493848 -1
5.988950130230071 4.085552575076874 1
13.424539927004824 12.923048277143732 1
19.689571387226298 7.755040130429524 -1
9.11780695598489 3.442008870066535 1
4.474998881801529 0.97211051738475 -1
4.967764047094965 9.833639309803297 1
3.5130451554615805 9.207252852978808 1
3.031277736304594 6.7224376854524674 -1
15.835865760914068 18.242951885422187 -1
9.60477981050264 8.385963621713069 1
3.034734117723561 4.493303969181595 -1
15.754614526995232 10.87702595611103 1
3.6352658137508076 13.734223437403188 1
12.062566028055263 17.609248912445132 1
17.387598821561394 3.1789240441662714 1
18.54177279628862 14.01454593608161 -1
6.178677708889346 1.4622853168376682 1
1.7133790267493132 5.572419878135837 -1
0.8714478582261065 3.8515959205467043 -1
9.994440939672717 15.32742918775206 1
4.098434906280164 5.880094601463542 -1
5.832752235733432 11.952553186029855 1
17.884823942212392 7.603622582799123 1
8.434418827123523 7.482608697805717 1
1.948818790586473 12.809610697247873 1
4.465160813538473 5.033263154415848 -1
3.6247166979792023 2.7615315745246383 -1
15.76647832060484 11.137606117666587 1
13.57679016012474 2.4408548429372723 1
12.912979828804751 14.773644163572719 1
12.819719806878085 18.752442310866037 1
11.347320900294005 15.722486018989459 1
6.033983020175513 14.78824176002891 1
2.8643553425426282 18.58839738796735 1
3.762261864729939 11.99802121273722 1
19.376270560285697 15.628307771921019 -1
1.7955775513826855 2.99481526660746 -1
18.175617649234745 1.4797599777074089 1
9.905533818485567 11.726648769959727 1
18.323315771127398 15.942693807434837 -1
4.05168737788165 14.875005144861293 1
6.32386183626889 17.16186979291971 1
16.29073860712036 18.594427781301505 -1
5.910131666392924 6.8731411461760095 1
14.836879048955783 8.086536633688414 1
11.545318213487313 1.8181827759764935 1
3.070289600488818 14.005650471013018 1
18.159705340355867 10.998706429012454 -1
0.7634527493856602 9.322117435797633 -1
0.6751373253065829 17.13257740634461 1
3.3925773518131486 3.023355965030017 -1
6.030189900539737 12.490680155857735 1
6.1241079637432545 12.911519454612373 1
17.704219696786044 4.234758405596695 1
7.913939751193535 18.760599551728422 1
18.14861150331119 2.4428834972062785 1
18.129616702296232 19.224692816369593 -1
8.068708022553217 15.200600246835522 1
13.20344809226854 1.1430614851102905 1
3.1600566554208 19.45220740825938 1
14.047133825227462 18.26652358126838 -1
18.687771800952554 13.748040698919608 -1
16.30614518249452 7.93361511617862 1
10.207959092274626 9.590021896653207 1
5.004765731730341 8.853871954002594 1
4.7653079337787885 1.769159744334825 -1
2.7303523305092803 0.9094876238095639 -1
11.061120221363536 14.90507830291104 1
16.228026205626996 8.765508507008262 1
19.37118356867096 13.33906408487815 -1
0.12467701971207834 15.082630299659218 1
12.403079610412908 4.598531699572934 1
8.473796958779676 16.25557613705174 1
6.817641873307783 2.842201994173801 1
14.910338548560048 3.8539273370768146 1
11.799465485366179 8.011707907252761 1
10.42742926353456 8.321202272035109 1
5.846501637840335 18.85673752287302 1
14.134445979910593 17.991867976176874 -1
15.85894663514802 13.567237912239039 -1
16.82860019215483 6.114887707540307 1
13.642771841737622 0.43760419619777835 1
19.80984344473555 1.3263075277751102 1
4.103417029425143 2.804188207203049 -1
12.091557619308034 2.892293460744635 1
6.690307760144252 17.43886646462164 1
8.007156099455486 11.047938403050336 1
7.063029032880854 13.647808796549397 1
4.18537003876196 14.886055746519435 1
19.485131087030243 1.5160103884524867 1
9.964656699603085 15.50410158902035 1
12.11170845937234 12.054526344891185 1
18.539818181574734 0.49624852619359006 1
7.122044673545758 19.448795840423916 1
17.481581171680766 7.381561931868217 1
15.558772862916408 16.1728058493127 -1
6.7425386754804295 18.188124478851726 1
2.770160335547238 5.425285895607182 -1
19.860513294933146 15.166865598266412 -1
4.512276623117939 2.1605075688437347 -1
9.79305866990691 18.487753696637174 1
6.052967795510362 13.927684053622682 1
4.664470302166537 0.7749196170241013 -1
17.029710033439585 5.799360952680717 1
0.6793362856871488 10.466189314801822 -1
3.3485717064581433 19.860604052171237 1
19.55430817023159 16.236398907194808 -1
14.071679377194084 19.047186025869035 -1
16.042437916285284 8.102782805239954 1
6.025718713643524 17.562395615295177 1
17.472074684010977 17.334625612352962 -1
1.7741867059958305 5.668479056598581 -1
11.694975137214126 6.918275909074096 1
17.63123747830127 15.340151342424296 -1
12.435936942143684 17.082529872466846 1
7.55514092491304 5.083998179233287 1
1.7589243528499354 6.268290297902201 -1
6.044525689149047 7.169022104930233 1
18.21230200059617 6.930325975228784 1
18.570722028301024 18.57996386007571 -1
6.188459536913376 17.687845962587684 1
1.6146984922906604 8.196461834907613 -1
7.130763133764921 18.594527472396415 1
16.03722100084952 17.017503770511418 -1
16.443416874485713 4.677527184027523 1
7.29602983200389 5.692030115986713 1
11.307492644394834 4.398922238995711 1
3.9339887017188047 14.182970216567607 1
14.079020618747933 4.321926041698603 1
11.797307838588438 2.083375696070251 1
13.542706698452092 19.01813776646207 1
15.603107156589115 14.91974702354375 -1
2.0174929936252983 6.1309845495917115 -1
1.7607341166287505 11.719028288717745 -1
0.15782654350315894 10.51442020076755 -1
6.761419108695572 12.182179836201545 1
13.267174922327662 8.49486343818244 1
13.985987920835543 17.998619845919073 1
13.037962927843017 13.558245644693276 1
8.44053417105632 12.152248074276471 1
6.854780263956444 18.1429606091993 1
13.715079559391185 2.511164606131664 1
3.145348525959084 2.723403477560753 -1
18.3704371491648 11.55960550025248 -1
5.736410189156949 2.9977050466641475 1
9.993622207601437 2.8220186532880653 1
12.769340568214016 8.747158439663743 1
14.322328648271272 16.345617324916887 1
16.452953506230795 13.813752638232344 -1
4.124143938581271 0.5491475455903316 -1
18.778622205624085 5.646132277795786 1
17.926315338885832 15.812014698160908 -1
15.295493757234306 14.993203580831604 -1
12.227065130463776 6.369324984972113 1
14.141227638836995 1.57851959673045 1
2.4795792495699542 11.394793765484817 1
10.746356495069758 9.967475722242385 1
7.924968570289479 13.594889744940348 1
9.978009856431036 11.343267239155196 1
3.2606543384965136 4.203983862963545 -1
16.96140876941031 11.53644680709629 -1
16.165782496681913 16.961680102387223 -1
5.415185101347763 13.406843312810137 1
13.8654273448815 10.469909795957435 1
18.059250341941585 12.555503108179145 -1
14.20050822280354 18.26878029265322 -1
17.501573655638182 19.348216991693917 -1
17.080492214848668 19.036573519382067 -1
7.982911191958088 17.361110540759068 1
0.731111240593274 5.510694508141645 -1
8.456159886463702 8.612677147238902 1
3.809487768817368 10.042780015810255 1
15.699684252973015 19.325535757048215 -1
19.24420521260561 17.14257923447518 -1
12.511605299634992 6.46511317149211 1
18.568032854801956 18.931631050092413 -1
10.50471703108796 14.931342706250074 1
6.546149987626755 8.119157342110197 1
9.619326665782333 8.033385899192469 1
15.062893870119495 14.929015620081902 -1
7.1939923868856255 9.756292604335803 1
2.5151914072600112 19.347938021876978 1
18.28177877689345 16.33240856351376 -1
10.37100440932377 8.131716460814754 1
15.87231095572105 16.759264305339613 -1
2.086268957039037 17.19736940962853 1
4.777553451277603 7.159565841375397 1
11.233964321270065 4.345763656904687 1
6.161916962068659 12.257829425816023 1
15.484111131645799 14.700546051315225 -1
11.044929129285466 18.752099714775582 1
10.983640764349456 11.815655763583985 1
0.5773791577425769 19.988100853376693 1
7.720250081221456 11.095100586865428 1
8.489492661621615 9.097077836085127 1
0.6144989898318265 8.985072785628647 -1
16.832355675637245 18.637481391357472 -1
13.369573769219272 11.33989956901501 1
9.981455562638581 8.78457744509327 1
2.5182864854376463 7.429715570701543 -1
3.843871963164407 13.24093847210236 1
7.642048251869111 12.249172646454447 1
17.308296910273707 2.294709317428869 1
0.3966959739035869 9.10288002210946 -1
1.1997317953483755 15.831428859694343 1
19.765226670574833 6.884698156680189 -1
6.348349651588141 15.60909914592903 1
3.8676298555806943 2.034407095007136 -1
16.854686508442136 5.735100317701138 1
19.693179206441886 3.8466688444893293 1
17.230960558418246 13.03746201044948 -1
11.280696805236602 3.623625474705985 1
2.8209930338506584 4.901891331545176 -1
14.15745775703581 3.1038662649339677 1
1.7488484897142276 11.149887188677107 -1
19.257558492740575 5.666911062808529 1
13.618976187469183 8.662156010077451 1
13.075733011836029 15.00376475545362 1
5.2882833074607465 2.7054613638467906 -1
12.472755796698333 0.26049372988288466 1
17.253232499745366 17.299943749626436 -1
12.333718431543632 14.103195473153027 1
5.542713231998249 8.467854187445429 1
12.190640378330865 10.719130543015128 1
13.480086422213128 18.833548119114713 1
3.9560112081154153 4.460187954676673 -1
15.275463728697801 19.79849320972407 -1
7.074032192979114 16.65127547991907 1
19.131937238888366 18.3939597649209 -1
9.681474992484041 18.027619545635726 1
1.3971328805875327 19.91794990092686 1
14.780231935772552 7.3313673711386524 1
5.264112733680721 14.591846883787875 1
18.95878865538372 12.789299842793493 -1
17.62331304440604 16.726164819138937 -1
7.860011234017755 2.5098593764999477 1
15.889858554480123 8.263679436003393 1
17.3777842291136 2.2791060418387388 1
12.978252270786683 5.072135882836242 1
2.4752076456939953 4.801623807288582 -1
3.0690869246644326 13.987633909187513 1
16.552203213041377 13.12380482761486 -1
3.41009705796554 1.3636913965400432 -1
13.45054653155392 12.79334353036897 1
18.1165099173966 9.759898828226522 -1
1.4694921555052054 12.250178040738751 -1
18.783324108264033 18.407982665506754 -1
4.175317307251181 9.010528981127575 1
3.6947849667712607 5.222002473491678 -1
16.32326594985833 10.397082244047729 1
2.5140016136577215 13.373306970008263 1
4.870529272236905 1.884776342793375 -1
16.55828993356366 13.829792092590834 -1
14.84406050237257 13.57306076391284 1
6.1134902728796785 6.762896480191351 1
17.737168114347597 5.861892358961034 1
15.713163595279537 19.35468979308154 -1
6.144001570617361 19.10014473735625 1
5.9062238213119 15.29129923026748 1
12.501183502232745 8.79152055936791 1
15.759226941107915 12.107848589940811 1
12.091016347413694 17.88445086216335 1
14.187181809310566 6.553964636221641 1
0.8708299076260184 0.7388781234847008 -1
10.179417416185071 15.277831858069252 1
17.228209075549977 9.554221768658856 -1
2.0846868106263416 8.380673831894708 -1
3.421983470016141 3.3592430793540284 -1
14.342353432922657 6.772445177054298 1
17.254027715394006 2.1059123890007636 1
16.394149078366848 10.763430138848616 1
7.427066731476053 3.975807767759316 1
2.9836653171217287 6.955343073412248 -1
17.078849656110645 12.698967199580164 -1
17.648382038477312 3.2494372788817794 1
19.14319764670719 3.501527987357085 1
1.9317030030798898 7.668035326197103 -1
14.47360321081813 11.239896927787205 1
11.69011566150009 15.689791522451738 1
19.075194845069056 12.345588668238108 -1
18.84326037070362 2.9279199605558492 1
10.326060485984831 13.39629199913897 1
12.012333635786483 15.234510166466038 1
13.729058976918038 13.445117128678364 1
2.714929966100088 6.692966850060122 -1
11.520417322318101 14.681389511668266 1
15.132054975422147 17.46452476987252 -1
2.3715616739907674 16.56276252737106 1
6.935721889184361 8.083673836987481 1
17.45579157611028 2.2498228179303736 1
16.263190009353156 14.551261391498391 -1
2.311557336796002 12.990772416888976 1
15.64656014274155 19.452926294928027 -1
6.219261249746366 6.045178697165459 1
17.554093918171358 8.334433427348667 1
1.2186547921800206 4.802184861656851 -1
18.172297528048794 17.694382191901152 -1
1.4290688229552728 15.939984492451117 1
6.15544046347706 1.2086721230339115 1
9.994859712692715 7.7897677712411255 1
1.2918592522526517 4.18000448864986 -1
5.763617316822598 16.508753026603436 1
4.384043397614528 2.7096211035959894 -1
14.714830950395484 12.233325551364441 1
14.112147838945079 13.717371721982536 1
12.191881014879831 16.07470841671905 1
19.248253414104678 14.690118655297246 -1
11.150353779122643 10.636000998161956 1
5.311333067190153 7.917388458817991 1
8.920859502531783 11.67082015408174 1
3.6005481427924457 2.977090674374716 -1
10.394675433011702 6.570195965353962 1
17.517153122945423 13.363020957374033 -1
19.075693925823586 16.555766036128706 -1
6.1829458812539 8.399785616917004 1
9.102315323045719 3.7737350045615092 1
8.585847558886218 9.969681062259886 1
1.1280784521458198 1.9254538503974072 -1
12.830867570026284 15.07996795736614 1
2.8599799712270646 19.63690012779953 1
14.547351375820618 19.927890971481695 -1
1.0885859828907485 9.460725228368759 -1
6.101070401637072 18.8747022348601 1
6.20420502790382 12.220959849292928 1
13.982375739086647 12.618841620320211 1
12.47853290501955 16.35186337348889 1
15.589278614076566 3.8623497083479164 1
7.801352176693957 14.948812758034569 1
18.596995255387792 5.893481641426652 1
5.0970134054475995 19.44053478680783 1
16.20313470967844 19.762402100100914 -1
14.305585229679467 18.108383828403575 -1
19.76037194281843 9.105753371386111 -1
8.598722323754892 10.119788333645062 1
16.656103057552095 18.179778173842223 -1
1.4104459157466276 1.3093798621829023 -1
5.771238650755846 18.290607945711347 1
1.8981954280009083 16.632732386988664 1
5.4479394347764725 10.564210160315568 1
15.609664244568993 6.034047186677727 1
9.61876684696405 18.87741669757435 1
4.416089516418071 15.410521884699994 1
6.597362189789462 15.775339667039365 1
15.182816945563545 2.4225447077962903 1
12.003444359806675 16.329409561134053 1
10.183128994588904 18.090276185242203 1
2.3925452887051213 10.144154704427105 -1
3.921466629142436 9.43356128669148 1
9.383589334018653 0.09976589040618933 1
10.817344460124943 5.8535531515051265 1
5.42505477188965 17.921386719961994 1
16.111405451391946 12.520803204811873 -1
1.81312077252761 11.294976622616355 -1
18.39022502706928 7.726004966804929 -1
7.172863633677984 5.0035003156881 1
16.2866247536302 7.965973086368276 1
0.3362162441113248 9.436111392620933 -1
4.197414839423981 4.478840367572976 -1
15.398059052969721 3.8268887292531395 1
2.27064205756752 8.008875132772857 -1
18.704479066533214 18.708606696116306 -1
14.449572376780415 4.772719541870291 1
17.624873262295925 2.3209135652179924 1
5.020800778044792 5.915253881953726 1
19.1822409255822 19.091208261186175 -1
8.899022554418911 5.1847041430679575 1
12.963662860943197 14.810404092042278 1
3.7911795475034116 5.1230113308800735 -1
7.205620302507958 12.754684470965461 1
13.417824542192525 10.758890903004003 1
19.54645906804149 17.758245501752718 -1
0.12972696119706306 1.6074136575142783 -1
14.660972654055929 1.1209465301680477 1
2.542881281247771 17.721349356806137 1
9.83971625439942 18.238679941365554 1
19.22524924956723 13.605917330353218 -1
16.548342435791813 12.973186108780702 -1
13.003712579815886 4.999994100841862 1
11.099880503935491 8.031944497663275 1
12.119877862663701 17.843241189971312 1
10.795557532279974 9.007671073053661 1
14.248523280557064 6.190010754880795 1
13.23740926877933 1.2308745637569274 1
17.302641343788054 16.397305499042346 -1
15.988577227886712 13.217809888078595 -1
6.984183165284826 18.605465304872695 1
11.354859547554545 18.250091553627826 1
5.199762963811761 3.3466670784500585 -1
6.783727278227043 6.501121874817377 1
5.7457502385646 11.057721808878888 1
15.22467609795217 4.128407416393465 1
14.077314006776554 5.340072271022573 1
11.76744737212916 2.879730015348425 1
6.51116046351296 17.001286072619976 1
2.9722993482804894 14.01506268131729 1
10.87184522130994 15.228754019280057 1
3.529168897915882 13.725003207392854 1
5.376707097629718 4.68771234711814 1
1.2302234760189168 3.730431528388356 -1
15.464622007126778 2.9021000141370923 1
15.712954115330167 10.376977327874217 1
19.308935533209986 0.9681887177459814 1
19.028623274980422 8.291812850664792 -1
11.91508570213821 12.467310899380122 1
6.813523438589106 0.5491738109353861 1
4.988582601621201 10.38542795535891 1
7.6881825142843985 16.29493350163805 1
15.16917384100783 19.91368308845374 -1
15.482284497534858 18.90944435510833 -1
16.76217685826073 16.195492760856553 -1
3.980740771616691 13.041789995380844 1
6.758112064921587 10.402131155062602 1
17.109006818702312 17.22746657453642 -1
9.716934916955147 14.960175468327645 1
18.823389208804514 10.305455001747443 -1
18.003314874748096 19.320580926855676 -1
16.444745809493966 4.479514589585025 1
18.894569307535424 1.3505609891122505 1
18.77163897770554 5.6224681988665814 1
4.243012824739014 6.245857929454379 -1
16.03165884420052 12.30112952075164 -1
10.659641584244754 4.80239410501706 1
12.577286018916315 19.003443636648576 1
18.596232173075265 15.952693220383017 -1
5.20532652278916 6.17831701045525 1
7.238077201794438 4.663881830168554 1
0.07659847449670298 19.952511534419195 1
18.779755762279663 5.610473197313968 1
19.435212811489798 7.767893309348947 -1
10.44147484364327 15.476549416542426 1
5.674450924250339 2.686225623320544 -1
5.493685334348877 2.308362125708625 -1
4.76888086139152 18.73760749877045 1
15.592830444606232 19.029779381549496 -1
3.6900327098390973 12.442557979905072 1
15.89123301054398 0.049412198349190195 1
7.145595084835565 1.5166642171951605 1
11.669301290798845 4.829656454053262 1
7.829750830981242 10.770604563947483 1
0.6483655679595834 10.35429985562028 -1
11.344936269595214 17.34727222713214 1
8.677638634661712 5.622744687955501 1
2.052956317139001 12.69163190056259 1
18.14892909379925 5.6153015399077555 1
19.336044962432823 7.027841253176836 -1
18.277907800572258 19.61542247094567 -1
15.096119476328418 13.622083798317128 1
4.3008742222100205 19.34114031140476 1
2.793131077895239 4.73845794109044 -1
18.671128242101748 16.02939497202795 -1
5.921073834748903 8.949179288481615 1
1.4992144519870387 12.433325588400656 -1
9.542863324810199 0.3392581532133421 1
19.76645148334329 5.634019143153326 -1
12.35296087438787 14.149717845889654 1
15.251331044478507 19.63461401207579 -1
8.70927148896164 10.53232749316389 1
9.643505978101782 2.896055007117575 1
0.17349553130950657 18.342730080096526 1
11.980265195640605 15.290212953819765 1
4.321783062022044 4.2777512984433885 -1
8.325534716987073 11.387477900017782 1
14.935178452306934 9.166583549805193 1
16.52160517011982 2.5623524299218814 1
12.152017569464938 12.854439288375996 1
19.87894493044637 9.091967635602451 -1
3.7620801880332877 11.87118293233275 1
12.829607452184497 15.23885364717405 1
19.544968283174317 19.956351619434155 -1
18.854904509462344 15.250709408819372 -1
19.40282615151155 10.515879118468746 -1
16.408170777254 6.276313238712243 1
13.010191840253484 12.214751088343336 1
12.088598680500137 5.388123448977646 1
3.8013990264767683 4.163717374790021 -1
11.982285558558349 2.218536032996772 1
3.3386344106688393 15.537102721587097 1
1.871780811371555 6.158151236282272 -1
13.45139028567121 15.962649127561477 1
14.92559023866379 7.630831987990396 1
3.0107153822658916 7.6532518992055625 -1
1.5142384841919498 6.65172259372667 -1
13.799326593254317 18.004329910695272 1
19.959655143246106 8.69081236860872 -1
15.661297354804622 2.2595021024966733 1
19.309802304598737 7.806034895368579 -1
14.962689489414572 19.851131757188107 -1
5.640618959347901 10.076299756420612 1
2.3671656467257463 5.1512158339211815 -1
11.922516050209639 16.556254844894887 1
6.028258452681936 13.621993917613588 1
8.14880452497775 4.29098771473112 1
14.522642679027836 7.734569782598653 1
13.208604717197925 16.370284943348416 1
10.196403933666575 13.52773288352041 1
2.8969377111828787 17.568464250989845 1
8.068961781071383 8.308081376196192 1
9.489851170347315 10.807207931142873 1
8.036949279851651 12.746446775184214 1
17.47259563641848 1.4952338565759082 1
18.84302503763174 16.5045397297481 -1
17.294020190638015 1.7400380612055466 1
1.1222303803400724 5.529625087785812 -1
4.430508441380148 4.4933565872392585 -1
3.811174043353718 1.2839573871500964 -1
4.5779440529935815 8.8834030681984 1
13.302980741868105 7.429601686684331 1
7.450336244762603 2.3033298745411135 1
17.953590286314345 7.868177803017304 1
1.4489020207408099 2.2667867337383996 -1
11.892658755045154 11.53896994347338 1
19.375556385958788 11.607843303490583 -1
1.564960136322724 14.007752725475422 1
11.399914296911643 4.293949207045225 1
16.025851865678355 3.632582555292745 1
15.64907080324522 15.937023851081715 -1
17.73702071262857 0.9717239805394695 1
19.074575815393523 3.0291539378558885 1
4.456375453222625 4.1027687971636295 -1
11.661175657013445 17.995802864009182 1
4.788620563587134 19.6509299281256 1
15.577061289904876 3.350829258882102 1
0.060694425692247034 9.578385640343885 -1
17.525501705488942 17.5540248034643 -1
13.40890860173144 17.165459914479477 1
7.34291364176868 7.613284086918373 1
13.31229263464358 12.118334443389926 1
8.798562327090902 19.039927992208373 1
3.2792883560434105 14.36688697484472 1
19.58625482405299 2.457106226911463 1
11.992613798228284 18.87016486432821 1
16.65853125693096 17.977615752697183 -1
18.939752922025775 9.62590047202717 -1
10.339034292295267 13.40886677141276 1
9.404200675054392 0.0843909951004651 1
6.058869199222432 0.40915130069760997 -1
9.665234244099226 9.295961623109513 1
16.09794534769427 13.910756844549983 -1
8.351655133773262 18.375145389999002 1
15.372433155015507 14.441892249972732 -1
3.11758136586866 10.243612689680294 1
15.094630116415946 0.4207806299746508 1
3.156046904211063 17.11779703233765 1
16.04168717999513 18.061698241487992 -1
7.53880411400365 4.836059654588086 1
19.20480294386232 10.224129590817167 -1
6.968394101997715 10.874156079853991 1
15.750643494373751 12.352628595796105 1
2.2511975963349906 3.776656329364154 -1
10.51191430865427 3.5963646523266113 1
16.647839587221547 5.735893370239367 1
13.63415340467385 14.263763353041643 1
1.2299775724131368 17.1789122485218 1
3.540979521747576 16.95902812598326 1
12.470152954585185 2.4767946960717557 1
1.0401818768155224 8.063765046277837 -1
19.51405235893167 19.26965274191059 -1
19.178199232816326 18.66831348686539 -1
14.93217491402195 0.40447946967567816 1
6.3606811969905275 19.623811741315883 1
17.22055194053001 7.111953690345219 1
1.2919967543810706 4.077417316255825 -1
5.917839670701119 4.802209598637135 1
7.446695026540722 2.6695230101360456 1
0.9287421835526888 8.73847652446661 -1
12.07109430843271 11.513197199933003 1
6.491390126230401 5.851408208719702 1
0.12331678098410404 11.142506241837019 -1
7.198952422871605 1.085828207229198 1
7.095258421435853 5.807760043143677 1
8.583416890623976 1.9255156740375345 1
16.32012484772133 16.812145107164397 -1
17.992130461268715 3.120572803053263 1
16.154332251125897 1.0256083179922748 1
2.8353441224831477 5.145812575009401 -1
10.332721403786538 16.278259219722496 1
2.75566681154221 14.5475177349085 1
0.8311884982506723 19.026970045348577 1
9.867989461667616 12.089826166101822 1
16.731002265558526 16.505257554968438 -1
6.941094621241454 15.490899991263236 1
4.864219345566331 5.507930937300407 -1
7.239818836730294 7.542952805106098 1
8.429776634180715 13.028409156663024 1
11.719305471065988 7.539099407478986 1
18.304993947994564 10.158000611729058 -1
9.360522964358772 14.183916651247522 1
8.437368191919433 19.972860993446396 1
14.65889747061188 1.5434978760854445 1
1.4867096020055226 2.5757368184638096 -1
2.6255472009440872 6.094690974395551 -1
13.797817456290243 16.026021875853004 1
6.133284070583396 2.5621221903400038 1
19.81905236598397 0.5830481146991362 1
3.037183235091605 8.985509684242189 -1
15.242315208054166 15.503943935561546 -1
1.2221861246293386 7.338677901612876 -1
5.425106223653325 12.57880593267674 1
8.577868139274559 15.025588716194784 1
1.0654867509018096 18.652318938066767 1
11.873136066956885 14.707615322268905 1
6.635923433071154 0.572386924350794 1
3.6013009085728553 5.170186820001512 -1
18.74215696793897 0.3227228677196936 1
9.088613013591944 14.315842356156146 1
11.358386659609042 15.537771608655401 1
17.507004272315783 16.874630901285332 -1
12.800217869942635 1.1647270994044412 1
9.904443762914998 4.051715006571093 1
15.331988797463783 1.7288269116151511 1
4.96396500337114 0.08592428613382719 -1
2.4652239811409205 10.474504976438265 -1
8.925081797818866 11.57192605526349 1
11.290151690381212 11.596391621372003 1
19.94896426863372 9.402575128861274 -1
7.592342174869189 14.840556728322916 1
19.181401202268322 0.31692142124609024 1
0.04171308340682245 17.947797265752634 1
0.8652370569084855 5.293254541405233 -1
16.401279963751282 11.727179014736596 -1
12.076621617921575 5.405464543960701 1
9.4882016752399 14.989443583461027 1
9.007072376753037 2.26492449569466 1
13.529817217630386 12.13630366852227 1
11.185996236210263 9.798978150554252 1
12.59253213620271 4.893054092974706 1
7.6359916213469585 6.871050590881453 1
11.921566953026266 1.4883290928410542 1
19.675882676828326 16.12628509292073 -1
0.314736534134461 11.526244192262883 -1
13.934120816266146 13.450526772762183 1
17.063586740076214 12.862574398676035 -1
6.107822340527111 14.559375677111817 1
10.530366268395703 7.98801283927848 1
1.1003838654285003 10.48794006129221 -1
17.08947426835195 11.737973032332702 -1
18.393258666991457 12.130824809899682 -1
18.94718080528127 9.589797249888157 -1
12.85514845533157 15.485797754158902 1
17.263560123847938 16.37463970441171 -1
0.6645104979626204 13.883483553874292 -1
3.035756271946204 8.922705984529 -1
17.618938172791815 1.2393399469097832 1
2.3618332556842736 2.9769278169348956 -1
12.827634105626611 11.243073631265002 1
14.98963303336332 14.651561366594096 1
14.630845327526751 1.404569821380317 1
15.465218890342152 9.77861015701903 1
17.562791129515084 18.00430365641594 -1
4.730628603894362 0.6763685409866715 -1
9.272265634381789 8.250116943324933 1
6.680834388197113 19.190798414650537 1
4.537756428972221 19.32114055448819 1
18.97494321363205 17.301847927297814 -1
19.86157866671862 0.4835661700076277 1
10.306848909644108 2.153238316269106 1
6.600178177051495 4.091850624981481 1
7.375681251851097 1.055642862617876 1
3.185403729428875 4.042873816155046 -1
13.956572832614464 13.829591610376717 1
7.714232100511243 16.12944683689228 1
11.757411288365585 4.795839635471384 1
11.032048357567286 13.743497867575536 1
8.157397275349108 14.787345422170334 1
7.407276678343278 4.508156665089366 1
19.458396388792597 14.748413643036491 -1
14.992783410404893 8.671862549742544 1
9.94021666977391 16.80295619010122 1
11.49214986239894 18.47654303141026 1
6.796111315043412 6.115237234011106 1
1.7965630099777963 19.215790448145164 1
18.934951312074478 17.432873022695873 -1
3.830720838069379 17.327900557675015 1
3.671678774077052 13.893265204460882 1
6.443818376548782 8.62251816636748 1
9.487800600641966 12.491046347437084 1
18.904328596899354 10.61855120045891 -1
15.328844435481276 0.5455297837209128 1
15.404946343254732 16.974928867711125 -1
7.315847911300873 0.5735608785871893 1
19.956730524846122 9.124665200110762 -1
2.2831188576023065 7.164565100999858 -1
17.149122645438446 0.4766196234736153 1
4.214645882839376 18.7710108456926 1
12.4751854764937 11.928233052986197 1
4.436711854241269 19.768890138537675 1
2.269061511995827 3.9364340824763033 -1
9.334403509788025 13.709245929827276 1
7.775297072131508 0.022813992347749945 1
0.39487954402315895 7.373171205047 -1
0.46734912103966186 9.343078831989306 -1
0.5404033684325116 17.059108382511567 1
16.455238558763806 11.829681471494705 -1
17.999316021955686 13.47269427639388 -1
6.669969019943878 8.420459776100145 1
4.373270522017922 19.655792605584754 1
16.484993167597565 1.0149984361435305 1
17.094208852202474 7.582765406027196 1
13.53265794991718 12.054348706034796 1
18.124722176188293 3.3684457298167625 1
5.696224007506247 1.9986385582850663 -1
10.540585702227999 8.473669701124159 1
12.605701383484814 14.481018027605588 1
12.544418587537576 14.860641513618626 1
13.438406979982302 13.545286665574185 1
14.49457832088454 15.741811686321185 1
11.422805575899687 15.128460823840443 1
18.693545041373866 10.38234267237014 -1
11.166846268505413 15.828437071675456 1
3.9652259651921096 11.357662633614318 1
18.7796672107789 6.000825426282774 1
7.460743166398862 5.733988579084237 1
6.728201268479426 1.3579184222605756 1
14.667445521462867 17.831138127333322 -1
15.4678614967444 17.496685696330065 -1
15.256026319787573 10.54332121175233 1
12.109148235955264 5.1615689774875095 1
17.18579325674164 4.635035168063936 1
12.729681269258037 0.5517781272513922 1
14.398293287056731 10.995584946985677 1
19.413799709839864 4.6116857302506915 1
14.464641422900563 19.527146570992812 -1
5.699548103441265 7.996820858775841 1
11.71207488119534 10.157718290703407 1
4.835510499238129 4.286877092485097 -1
18.640396586510384 6.411686581909497 1
14.097616220152403 3.0210515263449222 1
3.8491311127128225 0.03716494984361329 -1
5.3886937376627 6.259936737360665 1
8.231383055838057 16.380644721282025 1
7.441207029423942 7.632098887909342 1
2.850526213509288 4.515927849277793 -1
18.166270282328988 11.202372650986616 -1
11.701020513267334 3.5756974583036594 1
17.039681235452825 9.002821127049707 1
10.464811554187134 17.30049692517212 1
16.88837928160695 0.6962064482647756 1
8.409911922923062 2.511302622942835 1
2.038390668582959 6.595726818382794 -1
4.737932263814386 4.028263421128154 -1
5.5079718477425565 16.143678049592708 1
2.9724784213880184 8.499599750394488 -1
1.777324964111533 7.955613987230388 -1
7.39049042297963 2.6710612041012527 1
13.638916104955289 14.665471220090588 1
14.033755920188542 7.8177393288138735 1
11.730077520976597 6.0610442925935715 1
5.497983768392773 1.376446783347991 -1
3.5722362950826447 7.3780931309017035 -1
3.4819849125313573 9.258274426532342 1
5.288764784632187 16.125280165817284 1
5.989653524929572 17.88735065178544 1
3.6461110816341713 10.441028063600475 1
17.112616408606478 13.703227387834849 -1
8.66051181327431 14.737311321719584 1
6.481553001805153 9.680723404930944 1
7.735258651809181 4.264289327549518 1
12.759357892346447 3.3624696928587183 1
1.141139512828615 9.233593259164007 -1
10.95947578418091 8.965798378957581 1
5.625329137980684 1.2670009851337816 -1
16.90788386308445 17.317027819705014 -1
18.03167082119978 10.1911210386056 -1
3.8273612663660472 1.6826018626261652 -1
14.03793270325778 7.577624961051457 1
15.807842156570604 5.007948584962085 1
18.463287799926388 4.932471831436698 1
0.8368007116989595 14.641328899338628 1
3.0719272398961284 9.06646915390311 -1
12.098771519080609 14.311347082533851 1
5.3963561686832655 14.93343133302439 1
0.4132754433495922 19.943216479131767 1
17.826593578133828 17.101090189107847 -1
2.9655617780876664 15.840257732962137 1
10.059151475949202 5.023831126766394 1
3.8947469238608834 10.823534372030338 1
19.972314256606996 14.415223898190568 -1
0.8390811729401948 10.113920950867218 -1
18.09190686854913 17.2722298234391 -1
18.19822570831051 8.057318399032699 -1
19.03439373570032 6.4818704255025406 -1
2.6575928012846894 9.235123409498463 -1
19.661804285424893 7.445052993223995 -1
19.429941562108386 1.0684775680189462 1
8.155634465859121 8.781146632828527 1
18.704589066013 9.716221876821807 -1
10.814543492470023 6.930819797302981 1
0.9547484338337298 12.882888993006995 -1
4.103298496579606 5.353544176836833 -1
17.038665333415327 18.09447232742629 -1
18.328103780236905 18.02008728065127 -1
14.440374206163302 3.0661184315459167 1
16.28607902188179 19.029213529417717 -1
4.531060048190447 15.977292367525395 1
5.334331400247228 15.431728461001077 1
17.39215711093332 7.786379315590688 1
14.546707822691507 18.723895477554354 -1
10.526487433377714 16.158077932277372 1
19.97397188305087 11.97617472856991 -1
5.693879774467949 1.143364981403796 -1
10.495818978622456 14.192128270387235 1
4.142883613362978 6.44320303775835 -1
14.350774204287998 11.246246291118904 1
14.670334881601388 6.903573381327199 1
12.152703005223335 13.62835835761555 1
1.2256963113365105 2.8308278681491905 -1
6.050295925677585 15.226195367482152 1
17.187244302374175 14.782750787331388 -1
16.65856508365852 4.50657320114161 1
1.9723382142970514 18.682134890761514 1
19.48902629340904 19.70958631116726 -1
12.304154493959826 0.416079580637958 1
10.827920495805998 3.0490851471831304 1
5.242433411921961 1.5256240909167174 -1
9.359458954057613 15.416641390481685 1
2.9959376213946043 13.156736786334037 1
14.30375240563519 2.715092142328479 1
10.569477747455668 14.135088360407966 1
13.436735889860252 17.70167059533214 1
6.458520762631734 0.8434432318685059 1
5.082048261536192 17.09963668116745 1
3.889543530017685 1.5218990884776784 -1
7.012491104228684 12.741217922441933 1
5.514467724109666 5.6776366938709995 1
12.171351434357172 17.63359309030943 1
8.002645125145628 10.48221598549469 1
16.221511636022907 13.093542658145234 -1
14.634041047762098 10.35088518689324 1
5.152946004949226 11.475301705200884 1
3.7824013864041706 13.339763556227451 1
12.526849946891474 0.5200649812591296 1
19.08736441432263 18.56317122531629 -1
15.407300140104514 9.98448049158888 1
13.149609507724405 12.524779461212317 1
15.62900987956175 18.959400514668655 -1
10.743318239258162 19.072669023476234 1
8.772395060395304 3.169037883448964 1
19.825361639944532 7.629777332124894 -1
17.06482249900471 5.544605846556665 1
9.030784642870424 7.417642634031115 1
14.399564591764884 0.4954080014925988 1
8.87932853697121 11.582734495059947 1
1.76165413092503 12.554261885087893 1
0.5778711636326217 4.451086542586906 -1
19.572468579087747 3.453039623664662 1
11.088832187300854 7.578343144314273 1
9.812553521769551 18.188021984862264 1
16.044742956357318 15.828737463663359 -1
5.254825004538331 0.2636587306416738 -1
3.1243366137034623 3.4079367616825573 -1
5.737974921275175 9.057246195517122 1
7.665675707927133 1.5910760247968736 1
2.1325296024153495 18.125930782334915 1
19.576977455703716 4.828728386709709 1
7.49969876389883 2.281350507944504 1
16.015969890032082 9.979953193337357 1
11.915782597854658 13.38615104207092 1
17.84375847458066 14.612976854246376 -1
12.532573786140427 0.08049021332884543 1
19.519336942517363 14.630457599538767 -1
