1.9771859175911177 4.738276437133109 1
17.2997446427822 3.6227546007446687 -1
13.612417687622102 8.663162526496746 1
6.917341435138329 4.026751344047856 1
14.438297306699566 17.208841056251142 -1
14.077222826652028 16.062760082192078 -1
19.31966564318162 14.142853965343695 -1
0.3458341685474453 0.8327364421356198 1
19.687586769188268 13.276687135408121 -1
5.143731505962226 8.577485683303983 1
14.627132300212027 11.151055977747955 1
5.780670406495929 15.931585251190725 -1
8.990781449131234 3.0073432313544557 1
15.085467861515632 13.256752596292651 1
10.579076532034385 12.978414427232517 1
13.682031015582865 4.012284721299011 1
6.105932660766149 5.3890732275516555 1
19.451228745962894 4.390709785445486 -1
3.966791364164728 5.6384444720776195 1
12.831558392369963 13.341340770287708 1
0.7535915575109331 6.3436063324602365 1
3.349839763633793 0.6239354682955978 1
18.011302561356185 7.2558249505116805 -1
0.13645818133097176 13.679209671588698 1
5.906560009543329 15.91777561762937 -1
17.167949746426906 12.87247909352619 -1
1.2797074732817926 0.11216274690662775 1
2.5930145726852616 9.061230979569515 1
18.97734956544006 12.859190306300016 -1
10.736308246190347 17.45696792735981 -1
7.413283028293818 6.052353728046755 1
15.237662914833255 17.396188078487036 -1
11.981469526948912 9.779067097739064 1
12.272655957484336 18.904902136666177 -1
3.245485580713696 0.9546642308370834 1
3.9137300720162127 3.835620429562041 1
0.7546700088444958 17.10534260877239 -1
3.4293515026111754 11.87526590780674 1
17.88796926591425 8.967657753369343 -1
6.681975682093664 19.86701375134121 -1
8.302264738231413 9.029195645001417 1
6.773859277396999 16.658575658228994 -1
10.3627442275437 2.2170933639089885 1
12.70306039128019 5.08398937662413 1
2.3586602103035514 19.648101830205928 -1
7.0302237267618235 7.7054954130261795 1
18.358606586559592 16.685918244547207 -1
2.4200564883530573 13.586624236528287 1
12.23521371974909 2.508546773220277 1
12.409653705480956 19.63713906237086 -1
15.689957791131903 19.97048162913932 -1
17.869138787089767 11.965018989679315 -1
15.034547033821607 11.751523728052899 1
7.358346316487845 0.19018942302635455 1
11.036142683885979 11.61609657558715 1
16.946569838342455 0.8192473862272043 -1
6.309439567371284 8.06393581706011 1
13.05066777264531 4.549955160949068 1
5.539429438974215 1.7350686364480095 1
10.460110614985727 16.768803937640918 -1
15.24442767684505 17.639035776489855 -1
16.955824995672014 10.524492666965084 -1
11.839758172249773 18.61032248728793 -1
5.792981032946091 16.904679554715038 -1
9.438233188491571 17.34902076100908 -1
17.806143859023354 19.01291677375464 -1
2.1243827181356956 0.9877490040288417 1
6.008492361841169 12.637190122356305 1
19.36514613865222 4.33291233530964 -1
17.295089725564594 9.221028449209154 -1
17.770526266986696 15.760398335277593 -1
18.22347961372721 4.892680670037953 -1
17.593490652826794 13.202844106789676 -1
14.833142759568364 3.077376946895145 1
18.159184148222018 6.747642503967959 -1
10.078657900634084 17.61223412980319 -1
12.839292533895755 9.07188012385964 1
6.689664706955614 18.30289274432831 -1
11.23819162180602 5.272435021454378 1
18.13402712409586 11.505502125299316 -1
3.9332785292691286 9.606496477647823 1
15.848872752555978 14.587203832408942 -1
13.412685045971761 18.239791197400173 -1
17.017450328460733 5.012793191223155 -1
3.779331062750184 14.306842228108884 1
3.9080552111557276 2.3247715377103484 1
11.341080095217029 14.41961171121587 1
3.1545305282232805 14.428533929508307 1
8.382521397338285 4.21790896306632 1
1.3461430219815118 8.363962464284963 1
3.214693757340379 14.636981026005744 1
11.907914470406553 10.139234776344653 1
11.02484993214226 0.27473390287749977 1
17.490769568213874 18.2221851370876 -1
2.099131250349231 16.573057697348585 -1
11.954139350551936 10.929080803743755 1
6.666815258524135 13.484764220124534 1
16.511943669026444 19.220219407574643 -1
8.915569207367557 9.879687114789533 1
5.726159437006211 3.306275206427094 1
16.652937251377523 5.150498397311147 -1
10.770455897780959 13.98885513363809 1
7.640053141131373 2.3108613279611956 1
9.749667877005608 17.803260219087516 -1
8.79936550641528 0.3355407856307968 1
7.849148885326951 18.800974601932573 -1
0.29894038718790483 2.574145617363186 1
13.70134303965411 19.203939985557 -1
12.94168334919794 2.777189211099751 1
12.595172209071004 6.182198035974831 1
4.3386069844215385 10.60520584944986 1
2.01714465307383 12.651027889756936 1
17.021052286834177 4.448675846877799 -1
10.501347609381273 16.253216674295775 -1
19.947551629173365 10.968550464602584 -1
6.878782385302111 12.586651363625874 1
13.786804296864227 7.974198632428957 1
3.754775415793423 6.256943937895607 1
19.909012926403186 10.087625756996202 -1
6.4064843613874185 6.479326698122973 1
13.193617436525948 5.099854666659763 1
16.28079525859657 12.723602167736242 -1
19.562232627126082 3.0073739735993077 -1
6.886189011316719 10.290441491862069 1
0.5713951309246834 19.42361002446684 -1
9.110439845880897 5.726878282742209 1
9.450483608769682 0.3923927423064155 1
12.859285804075409 17.633360690741643 -1
5.645977321737632 6.587427407609365 1
12.399495030637148 19.684263305846848 -1
18.233992158440444 11.463812658010593 -1
13.903029901600286 9.578287147603106 1
12.488804580031939 10.134675201490435 1
5.4272985404902645 10.154711939775593 1
18.44587853115155 3.578021850859847 -1
1.9297549468220954 17.055995486503306 -1
5.473663215815607 16.235947842424828 -1
0.9034005784354515 11.086737587138035 1
12.66923804143164 4.150360176958761 1
17.83301155275553 12.813572733831027 -1
11.318637107260427 15.486416745640451 1
14.910208683380954 11.970073483090854 1
2.7134906836805928 15.62690842849153 -1
11.308752577589384 14.875281669632795 1
2.291384298437986 4.977839761439986 1
8.809746168341821 19.344023232758808 -1
9.368123178819243 19.207501611027244 -1
2.6796920076766595 8.46167812620363 1
10.655876754494995 8.848355711338998 1
14.442644289914847 12.115625908246187 1
15.31194980347159 8.023084085391343 1
0.5509664309927964 18.320104892830514 -1
9.438714021540042 0.5131849680612932 1
18.9474994040299 5.140760338530432 -1
8.756013664052148 15.470536664945397 1
14.125215045114128 8.419688536361043 1
19.593141878598935 14.779364568358726 -1
10.528712728410419 0.5213127039890519 1
10.398257305194395 9.408101661297772 1
4.005211205598231 10.96396015735733 1
8.638905951408773 3.04764075968718 1
11.500942923656975 11.071536390188301 1
11.268084165881415 7.914524793416399 1
0.31216965445697964 11.674232500983685 1
10.856056623258306 9.804644340462103 1
9.93829581890929 5.406723593324736 1
14.03894111381911 17.31504516857276 -1
1.9478485765240316 3.2968507170978834 1
4.110832977470484 13.608477208354962 1
6.2563744904547836 9.107317482936532 1
15.387037759960307 18.17735657142488 -1
15.828578222999772 4.28744546340419 -1
3.391755368768299 0.7708272807153049 1
16.055316552436445 1.4115887356124435 -1
11.974339787265835 9.980661285890573 1
19.919337783172836 4.6253138417766415 -1
16.134046758527564 4.9387454169862455 -1
15.551940228900419 11.890002414094605 -1
17.63395065450639 10.160949967919887 -1
18.89600464400903 5.711052838297251 -1
9.410507195751325 10.77920404039547 1
0.929131281742479 6.55439647230571 1
4.336010117506197 8.235620300156125 1
6.263905914245478 6.300568223920193 1
4.066970668477897 4.969564085243771 1
17.930586254317692 17.855104864242502 -1
4.512241064967628 0.7105728639776165 1
11.760789945181397 11.428585523457606 1
15.880467068329438 2.6970763745725868 -1
3.029045744400194 18.01913774558099 -1
17.317256869012095 17.472898002990846 -1
17.872347873815034 6.27478973508838 -1
8.818211191344133 2.8705376470331823 1
2.49613748759411 0.18255874948114315 1
6.404765366936333 15.372286600037516 1
14.2884126062729 1.9257148946559055 1
10.475551501576867 10.247235235354404 1
0.7019562593600082 16.770171974448004 -1
1.7967913600742147 19.694285247308663 -1
4.127948428868697 4.985511210037458 1
4.770995663228232 7.678294207732357 1
13.972504400071475 9.575648979982281 1
3.424037205974211 19.22852083401299 -1
0.7609746089805625 7.988714883164693 1
1.9764406504036325 6.6755629116898385 1
11.333118332138385 10.995222285957247 1
8.915515459723267 5.635022928807924 1
19.05552976558465 2.5681455137572984 -1
11.1607371062493 9.503151774810208 1
8.466008598901844 0.8680656876769355 1
13.215571501499465 12.811766746266464 1
9.877812474018357 2.331050986942893 1
5.1247030945799406 0.9967605568354343 1
6.21003477102382 8.376492203889311 1
12.60642548682425 16.966559263135366 -1
11.673623809285807 7.396636212719303 1
12.905722727197748 13.313907864451737 1
9.930839918855789 13.459087436511963 1
10.714355281886917 3.0963997673196952 1
17.959229560097157 7.5480880198401135 -1
19.93004704519166 11.818199762380301 -1
11.089475980287444 7.189910500448455 1
9.077647187214698 8.577433382035707 1
4.54977243731431 5.952230932951894 1
0.8909262299172682 15.300753527270627 1
17.33763414273534 15.576884325566487 -1
9.854441327467608 19.56862601684648 -1
5.353359310563497 10.3999313509704 1
15.430696631422368 8.741903096212798 1
2.4676191683647297 16.232497803461165 -1
3.2485915070856164 0.9322859935448569 1
10.558947091164905 4.020381726280313 1
1.7049473686817862 11.816315816422915 1
12.545176863821242 2.369950670782899 1
17.23166983683432 5.374553497029016 -1
6.0461503579887665 12.422385690012906 1
7.9068934166735865 11.344642130534776 1
9.55331556071667 13.577860174486121 1
12.139237272081292 12.508990400704302 1
17.84510015584096 9.215768719440401 -1
6.8300756133234986 10.894820800506286 1
18.87523304331966 17.82665906967385 -1
7.719509920814347 13.546386401150222 1
10.474475125836637 6.8660437864033135 1
3.5475206108257917 15.736169500212347 -1
11.944483084173015 14.159807422661379 1
15.212538536943685 2.3139141605977853 1
12.985833652306795 4.835450175310243 1
11.285476883030707 16.34938382676754 -1
0.39050151775032793 10.52294255452769 1
12.03803299405006 18.30675073306065 -1
11.542366844591854 11.963497740846996 1
15.569856386139524 18.695567855127795 -1
3.0076207974672298 16.184096601323613 -1
1.6699555626202178 12.475300803885887 1
12.360201485301992 5.040136135039049 1
11.723508564221913 14.447425395490498 1
11.87569311517156 13.198099618706022 1
6.276004504130639 11.45113559130072 1
3.8403791708975565 10.524676356421011 1
5.7924475051114825 9.38573045868221 1
8.960452369532243 16.368299942341338 -1
4.700114934264543 0.914780108500417 1
11.719629600298484 1.3635890683403185 1
13.97915849115936 13.164210410390194 1
9.521735509486064 16.158723457137793 -1
13.366105472169046 13.808468446306604 1
6.068071836968203 5.860305698044281 1
0.6611123499939353 18.645960468438602 -1
13.65769160201113 4.009797079150539 1
12.68058853832908 14.096999923952769 1
3.961963139308695 10.5501463165429 1
0.07260654819758239 4.014514530303568 1
12.313101683583621 4.510760338393176 1
6.513276543255236 11.779809062503652 1
16.659620691150344 4.033498075722399 -1
11.728065158338817 15.86270186291574 -1
19.07993521138922 3.8818946877365157 -1
7.332802872643458 9.857387443871765 1
15.108642234672496 13.72037192799215 1
4.664914705119763 16.462411810723914 -1
4.118266024634214 9.219688912698569 1
4.5761876760295355 8.955171751042206 1
12.612552874689358 12.43946155395161 1
10.584168468112196 3.4183893485457073 1
11.525677953364394 17.958069522248447 -1
18.830070195816976 0.30803143310904835 -1
8.484997351114638 16.864828498069603 -1
10.9668396741091 14.909191830817644 1
6.483279259846462 1.9988244792062226 1
9.401833024341249 2.808471631839 1
1.5196084758065798 4.713339673036748 1
8.244308258949593 18.718426932549924 -1
3.5064550068387756 15.964334994258273 -1
7.858746135325019 4.821690028772004 1
7.103672967757772 2.665979593655665 1
16.10077161562219 8.259399302377643 -1
12.128477580887422 4.02575253385526 1
15.113250861980978 16.47059535195903 -1
16.803723743703692 1.9661705044754751 -1
8.985895216819085 13.796290542373699 1
1.3451084882879871 4.759735915023889 1
4.632512413174972 3.0939281384977524 1
4.2511761728239765 3.6482115861643827 1
15.91579814810643 2.0649983958874096 -1
9.148307628535468 18.486881614046073 -1
19.350367507405295 15.580598197488811 -1
6.156143760109789 0.3489762162796817 1
8.640490184941363 2.4967557347605784 1
8.477179735635653 6.544965887326963 1
14.859783944093545 18.283371769981194 -1
12.277548233873826 6.655983088788959 1
19.25589202243366 3.2476634228236723 -1
5.914283579831943 16.950126914022228 -1
6.4639683776976735 0.215024767680414 1
3.177655776686008 14.944971972363188 1
7.338556334164066 5.237249749408419 1
14.455424828435815 15.899111370198957 -1
2.664239263154229 0.23009553402277616 1
19.589162272826893 18.66010214696964 -1
1.68122439820102 7.399194235069788 1
6.681063671744603 9.565712601019294 1
12.662791850428894 1.8953557445636804 1
12.2229505198567 9.989906533959516 1
6.707333135407225 1.3473292483117238 1
19.65745587756058 5.644518989268232 -1
0.458480988367409 18.75212856894644 -1
5.844648386868119 3.892122092375616 1
8.642604764980321 18.66005470231218 -1
7.8956564431440395 9.095105200144422 1
3.113747870567909 15.673577926805997 -1
16.448108333823324 5.420520704989833 -1
1.5218400317952674 18.986281803639258 -1
5.696509425497595 11.539787731855984 1
15.770814248292604 17.020090658305065 -1
5.353939211694383 2.3068687263880028 1
18.109042889155916 12.176039482826225 -1
5.2097484994544345 18.768067766185403 -1
10.995265921803103 17.2958824452028 -1
19.061207628563626 9.751136585391297 -1
15.808999528674319 12.638856647576604 -1
1.5353361458044201 5.8008900501345355 1
5.025158422868814 15.009949154141893 1
8.680442632623727 19.373087359189714 -1
12.648437703734324 9.133062680152264 1
1.195159909454766 13.967841547871782 1
8.503761484426331 15.444485348345964 1
7.776061146245765 9.27836764862782 1
13.404890877385727 18.18911291221629 -1
15.3032191432888 9.450412186593216 1
4.274074465081195 13.03390430540006 1
12.446342686648546 17.192220880333192 -1
10.961391800021032 14.370075091184333 1
3.7624211247543227 7.744450227204805 1
19.8132315596041 9.05757279364427 -1
12.469077810883205 3.613957839021864 1
12.965123772971356 15.57240040966834 -1
1.8161141493923116 13.494924301636253 1
6.884926131892297 5.349396583981054 1
7.341017777585119 16.945303810613122 -1
8.868148391920702 6.570101253986433 1
5.282479915604452 10.156132545309093 1
5.98797642881536 19.727373674916528 -1
6.039245243847169 17.545742387338358 -1
17.4283414535422 9.005461180473844 -1
15.799916232137363 18.930471611627585 -1
18.1791600742651 13.846242415951263 -1
14.332593340654762 2.667991855765355 1
19.748655670243895 11.029405981091154 -1
12.411527445198844 11.43889631126026 1
11.84844153897975 9.176354769174214 1
18.47124203494499 19.226732579794838 -1
7.9328441116019555 14.794655833635131 1
0.8168528716258794 5.576194434998043 1
17.024713875986123 11.811890122258085 -1
19.0826103300452 16.35370833554052 -1
4.435755119753306 5.004785162874244 1
16.61895555240295 19.00419960534134 -1
4.790188602984637 11.811543618 1
14.101673063541817 14.692332676136505 1
12.186342005057206 6.722318105529565 1
3.894998781729786 19.73607044089233 -1
14.381547421928687 7.7748069468031815 1
14.563826367764246 14.3849198561161 1
0.5614948420307431 5.638979797923822 1
15.41843287494869 18.26475694155387 -1
15.555990700204568 12.35697333206935 -1
2.0884286147837705 8.705671244394399 1
17.288831562391533 9.01123152823093 -1
5.860918289426078 10.68878312366935 1
18.800301023023376 19.425985399955586 -1
1.8811371858220305 15.292534520324455 1
1.3565683311997345 10.464215783601638 1
14.30211098896541 7.2884690482790715 1
10.96105152602469 18.564254832244778 -1
10.083171612259207 1.9310673269174639 1
17.00859403496884 6.867231336482186 -1
17.375432440555908 6.00571486412814 -1
18.87407806276152 7.618578007212968 -1
19.295624173194625 8.84342759307999 -1
13.90287706337598 0.48386931778477305 1
19.3779526672316 15.280478800286605 -1
8.571349237403032 19.00127190788284 -1
11.106945367506 14.435615195412879 1
3.5113242960580493 4.599932358377732 1
10.672509192879925 15.69706472647103 -1
12.643349930057537 0.445656141674311 1
9.451727282511031 16.456090300668727 -1
6.839221221182434 15.832258358822621 -1
10.710186279460935 14.893352855055992 1
3.335108321738667 15.919004307760245 -1
13.62891183014273 5.5188964866796875 1
13.542379206754724 1.321582740743501 1
17.00128161381306 15.18609233210852 -1
13.95399143410878 17.39609338735885 -1
14.807545233614432 12.944405191167306 1
17.52011005966712 14.012554630279496 -1
6.3628840994484275 18.365385566143672 -1
16.167392187476814 3.1964721580965794 -1
4.848210056822635 19.870818079908055 -1
19.062156128624068 14.224039485901407 -1
19.771188271385927 17.1114855751317 -1
5.768435525381972 3.5885753705222134 1
11.268253924289453 19.589543436631505 -1
8.627702791471364 0.712826750287332 1
7.146668244367033 7.48703158109498 1
14.487824374066294 19.363808711219374 -1
17.17894220057927 10.057573480369918 -1
12.334591897310524 19.433872803363872 -1
13.400240735815999 1.9578532225335232 1
10.42995641243461 4.083731737633036 1
10.022658694374629 18.539991378623256 -1
4.236870603516854 3.200202713591098 1
12.068537242668896 7.395459524308887 1
14.711431377723581 5.703456209465106 1
7.938282997250368 5.335728454559137 1
15.468789856706206 0.44559227291270265 1
17.86641446639824 17.514345230399517 -1
6.880077051257761 8.274396389486105 1
17.582863306924718 18.539698717483898 -1
15.333386510734133 16.29316171006499 -1
14.484822618322816 14.197234662470846 1
16.692615586665312 19.42948620542068 -1
2.2377164742701683 16.79443494009465 -1
4.413770036294899 14.133000332491939 1
18.962165318889458 17.1613925804293 -1
4.8291011561519 14.353991948138551 1
4.027072484735039 1.9843535607601348 1
4.785237831426034 10.911948872200004 1
8.957266103656401 6.419122356915197 1
0.12224655389195593 11.945047765772385 1
9.077396156539981 8.825767418933752 1
17.406346494985264 4.33866876957792 -1
4.252072716467563 6.985578706729479 1
5.879770179170598 3.863035923471665 1
9.445508779729844 3.3057812015388532 1
1.7670641154867384 15.207114590690695 1
18.81222448434861 10.287021392625364 -1
12.877883273509612 2.177936853239879 1
0.6436292164117541 6.923183989069697 1
17.872126616026694 13.04154313340981 -1
4.733603672812922 11.722630740960549 1
1.604045705166921 16.31377647699376 -1
18.589466573991388 8.684470351981037 -1
15.637723058673815 18.266180037248816 -1
14.402999543375367 8.833016604047453 1
1.327116582742276 14.994293592117662 1
4.809487399005306 11.808113773841347 1
1.7796384624840567 19.102668362557967 -1
12.201007055043355 9.528537579383611 1
18.5730171134309 13.892951375384794 -1
13.723479817606623 7.0902186364161945 1
19.270975313224973 6.398426957492878 -1
12.075290272687521 4.830562271611347 1
12.584041375389381 14.690423394110566 1
0.8385433817547083 9.884669327750368 1
19.447580977864746 14.589041737306319 -1
2.3123281027247655 5.578794324772003 1
0.3399325687671628 6.242670878840794 1
15.680623917922329 2.650911798123612 -1
11.839302052899354 1.9978130750181688 1
3.8357740581437794 7.557786603204533 1
18.718850133066695 3.5627438816141987 -1
8.29172884289352 10.02248269768145 1
1.805199863118836 8.675590921674532 1
13.3595508025496 14.495769675920842 1
16.37635825939585 5.319426501369032 -1
3.1209352399197687 18.34941948346507 -1
11.050839646224212 14.984012063565913 1
7.723808046013452 13.388921323912173 1
12.920552393590544 15.555854479196483 -1
19.137323030563984 16.667667970746184 -1
1.1057892790237944 9.125276648045128 1
10.741864989439321 1.6041990959750518 1
7.961457686038238 0.3312257920455819 1
19.99296088369588 1.0486217594721725 -1
4.839445892073226 16.8215782363032 -1
8.886262760989592 10.213860099313727 1
7.612818815400906 14.98873448473317 1
3.0640600606328205 9.281908073576442 1
16.093317436802934 11.347319895383974 -1
7.142057130989581 13.01480241847138 1
1.0244030721275732 2.7528497099681792 1
1.1984317355052498 17.844556977156714 -1
12.50788664170566 7.117237293318206 1
1.355470243330723 15.685836106581345 -1
4.522953563313599 10.359063510721242 1
15.997365523038107 18.109666568125256 -1
11.622177120058776 5.033554306112156 1
8.406027626478735 4.536028722315062 1
15.939903248925907 11.419238106334005 -1
6.460058941374493 13.747697984089848 1
5.324151300928175 2.795299700063585 1
0.530308609838086 19.297230525297376 -1
6.703985925893297 13.225668319083699 1
1.8187174792839977 6.273523698917227 1
2.730062777149138 8.372903692617673 1
15.125431789219066 19.413922366214983 -1
4.276862767696475 7.69699631009666 1
12.392458124625724 0.6923493846811013 1
16.57088931476387 19.851203402270624 -1
16.360402922100807 18.2834995800272 -1
2.50989204229501 12.169092026152228 1
17.288131106025272 8.197640715061903 -1
13.163969862669145 19.843984484395307 -1
9.92344734347133 4.9001183782160584 1
2.500165831432344 10.73403160888742 1
12.77619613190279 7.874174341819076 1
11.04797404212793 17.683176489602587 -1
17.233455027996015 17.35523488679696 -1
11.523939437005053 11.830294469512886 1
10.169768623869404 14.359343973368278 1
18.359322835538514 17.585834456919173 -1
0.4436638165627027 17.64795781259725 -1
12.625580128758116 2.7873096414227705 1
17.034964927060162 3.4158412341190747 -1
4.028192381382032 16.00202800368587 -1
14.565698651153562 2.2583402651640627 1
2.440155405562796 7.027469282588362 1
0.5606749584310222 12.368838806338447 1
2.8722236180554273 16.346763420911262 -1
8.042102617893157 7.9367348460525395 1
19.82779144785235 14.628740089129773 -1
16.91587860960102 17.360801046625355 -1
19.66605731554701 14.319063761275174 -1
18.095476599141566 17.162339470006792 -1
12.897922678530263 1.9509930251529317 1
15.42263898462712 14.377045853471355 -1
2.2648304996950297 12.011332279505169 1
12.182355734889782 12.724059668912432 1
17.001559980682387 1.0291831733274037 -1
11.372896090861866 15.995184319097044 -1
18.85974680444076 4.012124957378507 -1
11.879947093918467 15.876805753324692 -1
1.2697001285353804 4.436494597862712 1
6.317178417062072 0.8115620910508992 1
19.44385690582805 3.705454939875521 -1
0.5338536257334225 7.526356989950321 1
6.276003532958003 16.32058604767216 -1
19.653370471025035 17.497827039609362 -1
6.566166490544032 2.969754763748358 1
0.9949107308897798 16.895917875409733 -1
0.40186568916829923 5.316052838416658 1
0.3436484955140928 10.440749391638944 1
5.452198226998246 3.479625016483916 1
14.7732561993816 7.127481230299075 1
7.482003318467125 0.03623969813637329 1
12.587719603529383 18.918419373993963 -1
8.569138453768248 2.8134868132630775 1
18.93776596418491 12.271140926260486 -1
3.308686701137147 12.847517978011568 1
14.280480276975938 6.7659450998436625 1
14.713682685445166 3.570270753208553 1
2.0889709062012196 5.115459880371862 1
3.5727369571535883 2.6291636520883177 1
12.0822266385643 4.483780062339095 1
7.700716164137016 18.69826138165122 -1
5.733588498794124 0.3120327022973779 1
10.819415748532311 12.221955616986566 1
1.9295382524487081 10.741799839769588 1
4.730947281953428 11.239229372672375 1
2.388791531711727 2.247362188566684 1
12.997335845716316 1.2686147711836315 1
8.814959965822592 5.232257227607631 1
9.515620714998086 11.690965541268621 1
6.74433384450759 12.115172807158425 1
11.178508855955346 0.14922111727252885 1
4.663607868313138 9.824738530835852 1
10.23643807797055 1.1913526246871209 1
1.210667677216768 13.64229213867327 1
19.0276667517183 15.714719979056625 -1
8.134823732383117 19.97624948689682 -1
7.41880563833476 13.727096243846882 1
2.181167352993205 1.921219095935378 1
1.5989706658725478 4.52165383182197 1
15.17700416059329 13.349548039229713 1
1.7965382402603702 15.570232655965581 1
18.33659464552307 4.802507355110097 -1
6.038240462426008 14.271236649101649 1
14.163728355898762 7.592859435280399 1
17.246144788747134 5.1455530377358265 -1
17.319918906792637 11.300088631629672 -1
1.7688249570653691 19.1558996646813 -1
4.439308207635213 4.234089229821163 1
18.868816546523036 1.5320540125549442 -1
2.109630735292336 6.46266021070123 1
12.739241676926355 19.816435138914944 -1
2.101890122798018 0.6426653461299137 1
11.298246723370195 14.801551925978032 1
3.4196609191310445 17.164262706793348 -1
9.310707672957143 3.612856448275783 1
1.8522270798637508 17.012132673480576 -1
7.312405143666727 16.39757371214217 -1
19.45403881478232 18.267169034608393 -1
12.362688337159902 5.912108388780135 1
8.736253464000924 10.316621369716422 1
1.827392448484979 12.757664388528976 1
19.34441247576108 13.610218165529115 -1
7.194588569292144 18.09574467110463 -1
18.609579521791776 12.194322033112904 -1
11.35149955518533 10.382220296523077 1
11.598552323988628 11.275708244547415 1
9.801712798278064 12.990704560883877 1
11.152038739369951 12.711081908755906 1
3.9775981719504783 5.552984697866615 1
3.8879697678528458 17.58798279067537 -1
13.103615073667692 3.4263057910203787 1
4.2604054291308024 16.957259913002016 -1
9.991984662932317 16.904324530222144 -1
5.502767940361519 19.296828579159914 -1
5.702969755707528 14.620587636644801 1
3.647414785837786 6.430951213979624 1
8.177804998607277 4.0504173323517945 1
8.801858494592999 8.398815799257482 1
0.7530817841863713 16.099121726593257 -1
6.475202548270122 2.1607207908251502 1
7.891186216256085 0.4714699733457195 1
10.986660884784094 9.049699830948018 1
17.512167501654787 3.8494195646564977 -1
2.851297272293283 11.520957454671365 1
11.988193333478733 13.86209476914064 1
2.5264143449691256 11.021013595216935 1
3.1625254582167717 8.414061934059859 1
4.015285182717996 5.692986412977483 1
10.680746825415373 12.144971326284 1
13.56322718914867 19.153977420876654 -1
7.472726236341131 9.625670068720591 1
11.044272116167566 19.725052605276122 -1
1.399617671432949 18.352914480778118 -1
14.62498634333296 13.263841226453154 1
7.880944746204641 3.6868540465425736 1
2.9052716120274624 12.144309762682948 1
14.74262629026322 2.5824765229483337 1
12.974251286403604 17.947798626096212 -1
7.577559410654519 13.298249794633186 1
7.68264113049959 6.073936210929192 1
11.586174141269321 4.22220690739003 1
10.921265591939855 6.749585820887745 1
14.16514481954614 16.53778150280688 -1
5.808691431521664 18.808499703275835 -1
1.43822820135038 2.658695403764433 1
17.429196091849917 10.133897284914777 -1
11.473981229462233 15.194269030898823 1
19.125596607003757 11.800704671033476 -1
17.110886946149794 19.66352382464904 -1
9.339740751568996 1.7237396011433304 1
2.1112070415347084 8.258503546196518 1
4.606725180782467 18.012635088338296 -1
5.790650578274028 1.6642503490615224 1
3.5472193009780506 2.253850241053297 1
3.3217392725029837 1.274922152383624 1
16.565520811826037 8.584627978035915 -1
1.5845221940366372 15.102552918967598 1
6.449275342841194 5.693305176268025 1
3.7390844264397294 7.25700161706007 1
6.180060018636673 5.774899547008636 1
9.620062184399485 13.082655280356763 1
12.002316946925983 16.990442861196744 -1
13.604170891754006 19.869496445803033 -1
12.161404284512482 14.123045715764398 1
16.777525690869737 16.51315991102226 -1
4.709814169803204 15.893225047656463 -1
6.030319757473008 4.5806513936108555 1
1.3938788789984424 6.790545438122284 1
9.132202580804005 17.945417814128504 -1
8.87158840610593 6.298163609619223 1
11.892486514516955 18.487504870009392 -1
3.3753982883862466 9.03139319517283 1
1.1850884217736435 1.311551820110064 1
10.42220918002382 15.580937862364832 -1
15.918892473119259 14.51741824604603 -1
7.285968355418309 5.7459790755700135 1
6.9600093467097075 15.76526680325257 -1
2.6866286634523995 13.361822166453429 1
6.563176126932342 10.708946178346395 1
15.512484275997615 5.071350723948589 1
8.045331822678971 6.828566882766662 1
12.381177129165554 4.159059476668913 1
17.23518612619188 10.275179829215118 -1
12.457955000093609 14.960973632372701 1
18.658368741115346 13.04750481906673 -1
7.188044708047803 13.38329213268568 1
1.4685414711198619 3.152687187663994 1
12.463274227727068 14.707119139226222 1
12.810624912298733 1.3600909766345382 1
11.231375787998367 11.126188084807103 1
9.603084909275946 4.739170598431595 1
15.669666312049973 8.359005998182349 -1
3.6519908487082042 19.37948542505173 -1
19.783097102206906 3.196378768911421 -1
19.560353508909845 12.522972707423403 -1
5.649931879763306 11.989816686024193 1
10.072020022426107 7.795596824291049 1
9.526609867726439 3.8558356480825595 1
19.290192541035807 6.307553463833939 -1
7.636614775366208 11.76571803724422 1
10.63641114720706 1.0982165832334223 1
5.706466575008491 9.709813705002105 1
3.4666350031541504 2.734059701625162 1
11.175221248955587 14.770005437043334 1
9.936818004401328 9.824809106280139 1
12.492159362058917 19.203482495080667 -1
12.011176940654487 19.805118434284527 -1
6.030609268779252 19.535504183970975 -1
7.432117155031738 2.536087064062116 1
17.884145789285842 7.178371703300304 -1
3.0215665774888345 12.112974640478903 1
5.174679623319736 18.238340846327684 -1
3.859254716109062 10.722493844219962 1
9.490233733291769 8.941757924222397 1
17.684240541393123 2.4751003531909532 -1
13.683489227309295 7.506223140954733 1
5.291797626101835 4.844719883082682 1
2.50045583504124 13.302113796679736 1
19.7485208739085 0.6803980651284225 -1
7.371914571162971 9.794343691729669 1
9.924316687121667 14.711375183230313 1
6.188551197342633 9.023747851734905 1
17.140714008096406 5.0491274981670875 -1
9.993986771311432 12.282034722498237 1
7.6607206992638925 12.396949039105117 1
0.268187896319263 14.153757248505112 1
18.2962175065834 7.509674130257817 -1
2.837028098071459 15.24330260181825 1
7.5846780643729295 0.9031734642037303 1
17.432042362680665 2.674423097539975 -1
0.7877773819574307 7.895292252848829 1
5.537710097431335 6.844361992676817 1
13.390233700778113 16.766922981142628 -1
13.401869644504105 7.934165926992442 1
14.828007007557922 8.163942591381321 1
11.948163034377313 6.321297183452086 1
11.850765245861572 19.81777158946607 -1
10.817680160302281 7.310195610629382 1
9.224303139112411 2.2443478741779965 1
9.880255731057169 2.4909773568265936 1
4.40438832515484 8.28833167487341 1
8.294157103098938 17.555971077747806 -1
12.3642770588079 2.2113990482696844 1
18.556177464557994 19.548346667400864 -1
16.93394428500136 2.4805041683968776 -1
10.972432637485745 15.286601292822606 1
5.809827868587705 6.4940282259105775 1
2.593442040675493 7.1032160337260075 1
7.819693131491801 5.190758609730583 1
3.8953512389292633 2.0553125107066106 1
13.077985928040011 0.8186788251531385 1
6.35244108909196 16.40968481707286 -1
19.342835386954537 12.097573764346343 -1
14.534343830731034 18.47410211933791 -1
11.18664526803025 7.591496289802151 1
17.474670719653748 9.74131139504106 -1
2.5179893319985758 10.314159683771308 1
15.796039130758645 16.831708099088758 -1
17.543317594803515 4.4223643386893325 -1
13.439759032200225 14.865160951337161 1
10.432749877588618 8.309589623488804 1
5.836736012362412 6.662019030070976 1
9.75502567262776 17.493913258831856 -1
9.969412808182183 1.5678576854638693 1
0.1724503197431404 5.401464048941815 1
6.012861354444572 12.716046374963266 1
0.9374661665066641 0.4786208710794271 1
15.10641907216032 2.1867612699876138 1
8.40825575453264 14.02323320694963 1
3.2955403143395023 9.790587991988758 1
18.101563458323223 14.70713730217323 -1
17.796816722177912 3.0993969943007005 -1
10.726709853003653 12.96930272819126 1
8.47740275341378 3.8667047546198408 1
16.19554228276869 11.290953446763368 -1
4.803365721459707 19.12426135969624 -1
19.77886392271743 14.821048589054456 -1
6.499750215847195 14.011138785603862 1
5.3806435276386155 0.9025417201106656 1
4.778445590719976 7.786130627521115 1
2.3271104025636236 15.756861577167314 -1
0.2282097237009384 14.493792946712443 1
14.118605233397739 1.9160915182168803 1
3.324495941382244 5.398997810515507 1
0.2678439060850146 0.9493569766427412 1
14.004999831815361 1.5744023269822227 1
15.649038053978657 2.6119645588421125 -1
17.870136898469728 11.919757115442355 -1
5.708081943751697 3.7528578454354533 1
8.305931182330022 14.411519904047214 1
10.434819150866982 18.147998033583104 -1
6.190084090619901 16.52577011880036 -1
5.174160839828459 1.8842969885733907 1
1.8302695355657694 4.546940117784775 1
2.15362528877604 8.000777019180934 1
7.396988754413285 0.8694316406426195 1
13.030640911424792 18.800642870419292 -1
2.3515857522358186 13.418689236397917 1
9.813737598625687 4.580002737127247 1
19.23332821029431 1.9628631907952454 -1
19.187538660545403 3.475990248387586 -1
12.65771459424945 2.355701634796028 1
3.5722353488612546 8.719082133051101 1
0.49146816756602263 1.645856869881166 1
1.174016321440401 6.781429860980732 1
2.9079532265745778 4.5073151867334404 1
16.833708955652988 12.745061341642012 -1
12.39002464893388 14.590198642524792 1
15.656650239363309 17.67082975693142 -1
5.735617860155804 13.160702655393743 1
12.207617470627412 16.8310337239977 -1
17.73464863120814 11.793491033922143 -1
9.480402909606411 7.375646323605096 1
15.424090163412206 5.899367664519306 1
3.902409600800165 9.334138337629604 1
1.691363725837518 1.5156067003494522 1
15.310429242629995 14.811896856391222 -1
17.484471137253433 9.055832714598385 -1
4.134539012791272 6.822285039444282 1
3.0005694160590957 14.610887709388498 1
1.9528333904930073 11.402412174272467 1
19.962973634103548 11.911638736500896 -1
6.130499383491783 14.492717760597046 1
9.459854330440386 6.209228089917711 1
14.432509531622376 8.51750037824225 1
2.806177623370456 5.0977855842262425 1
1.2999999654847594 12.685557964988774 1
16.503720893727603 10.699155530728628 -1
3.9061830981401457 15.737141002817891 -1
6.612266419840176 2.6487363864213176 1
13.158407278401075 0.19543491291909465 1
12.708370752159158 11.966037717876162 1
12.488787481913356 3.137841104354584 1
7.096381239467197 12.163112923157875 1
15.576582486198173 10.084341612423023 1
1.0496545493327614 15.838546325957626 -1
3.071293150580674 5.807269109140403 1
6.598207381657025 2.5242033084997217 1
7.936234856135842 18.698835745791232 -1
9.742326658099934 16.696492381511646 -1
9.208113331873044 13.789802882360753 1
18.9599223989664 3.6334086983140224 -1
4.76891743217001 13.594710595721196 1
11.488719322423982 15.193166758789967 1
5.15222331404998 15.66610679783119 -1
9.102631325234595 17.609759095542316 -1
2.4567905339450946 11.072261368075374 1
14.964971003222455 9.045307423708675 1
1.11610068245658 8.969867862087682 1
13.629414405688127 5.908611710352034 1
10.57327995916397 19.025274170867952 -1
17.372921743002326 3.8438163083842403 -1
13.836627563336448 15.64481655058094 -1
13.783107482649065 1.812669546976391 1
0.4417476029006151 5.806856936980194 1
11.88581377057602 15.838355925722745 -1
7.522067708335247 5.745154809971675 1
17.086948974051175 2.7484365058839932 -1
8.490309865296418 0.8152456597019309 1
8.815910607701358 3.6489463712934933 1
5.259253977400393 17.582515841192112 -1
8.996207190894744 1.8812384774474067 1
16.980922902309686 17.502703589471626 -1
14.332170067712957 10.857690884804477 1
15.959099798569689 7.522585418839622 -1
0.8889256561346404 3.4419310370888256 1
19.690856232879458 14.510640055389958 -1
15.556087239208713 6.433750469399227 1
6.918571801482162 7.634503550114912 1
5.723897041888595 11.238426645339064 1
5.124688807345925 15.634079225866328 -1
5.863837033406069 14.944697678243505 1
17.077238246185157 14.396175185789378 -1
17.69400592065767 4.805155853311984 -1
14.834945921244769 14.318594296102402 1
9.222842073986522 13.507373493888444 1
11.046523142501963 16.658614001820457 -1
17.203052586573612 2.6435958640654333 -1
19.429502287632555 13.392841738108839 -1
7.390888206473978 17.431366830054124 -1
18.989793049497855 16.072446026948647 -1
7.494191138819324 17.006989145989408 -1
19.843879933861746 15.739813634156658 -1
18.80591415102358 1.508250565098208 -1
12.431396168507565 18.179693409604713 -1
14.258101980852585 9.682374868868092 1
6.456562510672212 6.609937215929833 1
2.994598916771052 8.899692891755569 1
11.072782358389796 17.373968526727847 -1
4.54902790426567 3.223059286023573 1
13.625451848297072 13.27914365359402 1
9.327876034816633 4.577567908635505 1
0.6938291999014679 3.9322021550903297 1
6.336792867829793 7.084653942663968 1
12.223593562856262 12.755034471989976 1
13.951492416540738 15.269199884281765 -1
7.217496032334736 6.321026221974737 1
15.022936365847299 3.1177987441354382 1
7.752293226398896 3.2342662970621205 1
13.719745513685389 2.860850367132375 1
17.015934814599802 6.980943945507558 -1
18.24908145327922 19.870703383560755 -1
16.60975213904194 0.014283650835180683 -1
10.960514053701226 3.2125910658463663 1
18.536182267093928 14.791405050274607 -1
15.32566470241118 10.154625801691699 1
18.093343471508266 1.5625203490378659 -1
7.899719156037905 7.3376718223460236 1
5.323552162761677 2.4199166333479405 1
12.609152566024534 11.325416559097922 1
4.713658561569652 16.446199368698117 -1
14.573327377587404 6.899521386635337 1
5.520863399557758 1.7583096015238486 1
1.15586869654551 12.734250028693763 1
18.398443983686146 6.825848908588174 -1
19.05503413208583 10.979494637079988 -1
7.9216204875431835 15.649290509843565 -1
7.980558335266901 19.80067590808561 -1
5.164555748080351 9.215670321296955 1
13.827739478718048 6.068500229919305 1
19.6552729931179 9.106401553416868 -1
17.247814172103443 9.161102273986526 -1
5.836058252083762 18.213870126378296 -1
17.12695338362619 16.23562902721803 -1
15.582683537630828 8.23051153907451 1
2.7244866607316687 14.345849787656826 1
5.386589124587287 3.9060931244571018 1
13.084246472879954 5.426911475575446 1
4.479920313045957 0.02596669834567411 1
17.82120810695849 6.437891700884364 -1
8.484116245328607 18.645073143078637 -1
19.498875482994265 8.847322645672019 -1
2.088512503590614 11.31952670148385 1
14.551151578018363 19.16640839361561 -1
13.816215679440724 13.909630238544393 1
17.0657079212141 5.379167426307818 -1
6.110277572518738 9.985203260143178 1
7.734151417445894 12.88828405676145 1
4.773985633123406 12.9461396762049 1
18.88756962822241 7.989968904349622 -1
13.224859249950134 16.678139046392438 -1
5.7743107345604905 16.910666055650157 -1
19.07273575068636 9.895594509907061 -1
4.100143480781277 14.082979460230751 1
3.2080936745804145 0.28063790816947654 1
14.339218927919593 14.607711160384422 1
4.887563133535576 11.10939080835677 1
4.437537413532519 2.743447594198518 1
0.22933075330528574 15.263483959851552 1
4.26890654892806 0.7846521425850628 1
16.08194948396838 19.356957498105942 -1
17.56665700101369 10.833759863941708 -1
6.405834003006703 4.165665445427642 1
0.04266220408801091 5.742297450884246 1
4.1074983539409615 6.628357635750577 1
6.01849615975574 4.890584541293707 1
7.69239025988133 13.395632161263087 1
10.131832990623753 5.495101487964355 1
9.152941388244212 6.234983824107023 1
5.544483148669195 10.777144564282327 1
17.18424253678083 15.557213213790257 -1
5.566740167511917 2.595918052493653 1
18.120535671495468 19.91147771419691 -1
11.725992000318069 8.043739388676176 1
5.911484417490165 16.50331600150021 -1
18.045827235314697 7.020574319743367 -1
2.007983005533023 0.621990198331861 1
18.665161478671525 0.9496449544263563 -1
16.203030609517967 10.320533047557374 -1
13.915172573881094 11.565379265341793 1
10.273984732959052 16.773916557465142 -1
8.585131844944192 3.0995168845830046 1
17.698292954616786 10.44778397991163 -1
5.3464860464882635 1.2106992865900623 1
4.765570533010055 8.542226595368481 1
16.167833331476405 17.647419128539664 -1
11.084690078664007 10.132113771800075 1
5.041718590244056 0.9037234194570987 1
0.785315848581758 12.00751344297677 1
16.457446887066553 0.021604806312740532 -1
9.639105525994871 10.424776476663817 1
15.792407330566649 11.213540623877144 -1
7.8765784729721116 11.810889261097486 1
10.157665282253934 15.12317370088324 1
