3.33587 5.50305 1
17.4012 8.68821 1
7.10108 2.16069 1
3.71235 16.3017 1
5.53272 3.37165 1
3.01633 15.1835 1
0.184918 18.537 1
3.91869 4.08128 1
16.8992 4.78172 1
1.01245 15.2433 1
5.76485 19.702 1
3.6109 2.29684 1
18.0043 10.6987 1
2.59532 16.9193 1
15.5596 3.97052 1
9.59906 18.4252 1
2.92484 17.1083 1
4.05229 2.99227 1
17.1037 3.04002 1
12.9809 18.0968 1
7.99391 1.29069 1
17.5319 15.554 1
15.9646 19.0309 1
16.2179 6.65246 1
15.48 15.4277 1
12.6798 0.14173 1
1.4612 12.4643 1
19.7544 6.9053 1
5.04449 14.9749 1
3.43264 4.9765 1
19.0293 2.27652 1
1.76749 3.1935 1
0.856319 15.6441 1
1.22304 1.6235 1
16.7478 0.961501 1
17.7737 1.18202 1
1.65598 2.67892 1
9.62479 19.0268 1
19.0414 9.48769 1
9.44837 1.09802 1
11.3918 2.17017 1
5.65781 0.0624733 1
3.02864 4.54349 1
3.00739 2.82531 1
0.898523 10.4336 1
19.8834 14.2518 1
9.80972 0.316442 1
17.0466 14.8961 1
1.51822 16.3122 1
0.219065 5.63413 1
14.8136 18.4255 1
3.31601 12.2723 1
13.4552 18.0616 1
19.4688 16.3297 1
17.3142 1.0598 1
10.297 2.66082 1
0.89014 3.60792 1
6.54569 17.987 1
1.91175 4.27832 1
5.80261 16.1741 1
0.100165 7.36225 1
19.7466 2.50793 1
17.1861 9.01566 1
15.4466 16.963 1
8.55516 1.61081 1
19.3998 0.203372 1
15.0451 0.785428 1
18.3971 19.2453 1
0.705295 11.505 1
4.0837 18.9512 1
12.4507 17.3019 1
19.8553 18.7767 1
16.9323 15.9533 1
14.8992 15.4505 1
5.00682 15.3817 1
19.2823 4.00472 1
1.22308 5.80295 1
19.1567 19.1295 1
19.8003 13.6551 1
0.236776 15.34 1
1.46832 3.18612 1
16.5855 17.0986 1
19.7013 19.2365 1
16.5925 4.71507 1
16.9365 4.94993 1
18.1937 10.3264 1
7.57879 17.0396 1
5.81317 2.96186 1
17.3449 18.1164 1
13.9067 2.53834 1
12.843 0.62593 1
3.54105 16.6395 1
16.1337 5.24674 1
8.59549 19.8268 1
17.6195 8.47187 1
5.04759 3.78118 1
8.26899 17.0222 1
1.29489 4.95307 1
0.611354 3.02818 1
12.0235 19.732 1
15.0366 0.497098 1
12.6807 2.34184 1
18.7649 10.5499 1
11.1986 1.69141 1
13.4337 16.6956 1
12.4695 16.7994 1
4.86889 15.4778 1
17.3958 4.86518 1
13.103 18.501 1
16.6461 4.40145 1
18.5118 0.55948 1
1.72192 18.3027 1
13.643 1.56799 1
18.4542 1.43576 1
14.5355 17.1241 1
7.89438 2.92562 1
18.8706 6.64417 1
18.2602 18.5123 1
18.8321 15.0792 1
0.811676 9.90275 1
17.2276 19.5234 1
18.3789 8.59843 1
14.8528 3.07841 1
12.5346 19.6421 1
6.63267 2.62962 1
19.1219 4.04313 1
6.60736 16.197 1
12.0774 19.1298 1
18.7687 10.2538 1
0.905145 0.5173 1
11.994 2.68464 1
2.96287 11.1895 1
16.2342 14.6716 1
9.51877 2.38916 1
2.5759 1.47946 1
1.79452 1.89429 1
17.7412 16.9908 1
17.0258 12.8494 1
8.72518 2.7894 1
14.9434 18.1915 1
17.8198 18.2699 1
3.52469 6.87804 1
17.8434 1.87542 1
1.62388 7.98301 1
3.98664 19.4644 1
15.0088 0.537091 1
10.181 1.10417 1
9.81817 2.84375 1
13.4882 3.59296 1
0.111016 1.08085 1
16.7 5.79174 1
2.70174 17.1954 1
1.07924 1.92055 1
14.4719 19.6626 1
4.67141 16.765 1
19.0559 8.528 1
3.2901 16.3673 1
14.2464 18.3768 1
3.38722 12.7084 1
18.9486 9.12008 1
0.433951 18.5643 1
16.176 5.70996 1
1.63962 8.11755 1
12.4195 0.859982 1
19.7594 2.19834 1
10.129 2.48587 1
19.942 15.5657 1
2.52229 10.0704 1
18.4581 8.1955 1
18.8476 0.112243 1
14.4461 3.90326 1
2.98069 2.60682 1
12.7628 18.5091 1
19.8406 19.3647 1
6.18308 18.3375 1
18.5071 14.9021 1
1.85046 7.64211 1
18.2166 3.46108 1
16.372 3.06011 1
18.7077 12.7397 1
5.86087 17.522 1
18.0334 5.25502 1
18.5852 10.999 1
18.8385 17.8005 1
19.7796 8.29377 1
12.0507 17.0458 1
18.6646 6.6524 1
16.935 4.2382 1
17.2332 1.77151 1
5.18644 18.3187 1
11.4009 19.1138 1
3.35895 17.2191 1
17.2864 1.5446 1
9.50548 19.5644 1
18.1929 17.4927 1
12.6417 1.80759 1
10.7366 0.506396 1
19.3802 1.02135 1
19.9073 15.5777 1
16.6125 2.87662 1
1.26518 6.7687 1
4.08037 5.16225 1
12.6452 0.0734686 1
19.4129 17.8446 1
17.2622 14.9293 1
6.09419 19.3306 1
6.65563 1.4293 1
17.9347 2.09288 1
1.14804 6.9303 1
16.2107 15.1468 1
19.7934 8.93209 1
10.6635 2.47287 1
1.90553 11.4917 1
14.0057 16.3903 1
8.32332 18.5323 1
3.29177 1.47903 1
14.7216 15.6726 1
0.509342 7.48716 1
14.4543 16.4756 1
15.6755 14.7491 1
11.471 1.44501 1
7.43822 1.46971 1
11.813 0.0131949 1
2.36121 5.02556 1
2.91367 7.82567 1
19.9234 8.51862 1
11.4591 2.74225 1
14.7781 2.2552 1
15.6163 3.3199 1
4.28919 5.06733 1
10.1237 2.94991 1
17.6123 12.3264 1
9.37782 19.5371 1
1.85561 6.60254 1
2.19092 7.08411 1
18.6824 15.6957 1
17.6043 18.7449 1
10.4841 2.90025 1
6.53526 0.87777 1
15.0315 19.9356 1
2.49758 4.1449 1
18.0177 8.53666 1
1.45009 17.6525 1
10.1745 2.96337 1
8.30367 1.3645 1
19.3017 7.42949 1
16.4102 1.05255 1
6.67688 19.4646 1
9.29644 1.20891 1
6.80395 19.3185 1
17.2662 1.85557 1
5.26834 2.55181 1
10.6452 17.5214 1
18.2516 7.06602 1
2.21944 19.6803 1
3.43338 18.4622 1
4.5862 16.6577 1
6.24743 2.15868 1
18.9106 2.17419 1
2.79366 14.8019 1
1.43545 13.6196 1
12.4631 3.08519 1
17.6793 9.86423 1
17.5032 14.5248 1
13.9853 1.80544 1
16.4737 2.02381 1
2.36732 15.7797 1
2.69023 14.7387 1
16.8059 2.05663 1
2.10354 3.14812 1
0.598152 5.83474 1
17.4668 10.4562 1
2.08671 14.658 1
3.55413 2.60738 1
15.1374 18.7966 1
1.278 2.19698 1
3.13047 12.2867 1
18.2353 17.6918 1
17.7785 13.5102 1
4.99239 18.5181 1
16.9394 16.961 1
15.1631 1.06711 1
5.26366 15.9916 1
3.90476 4.11843 1
19.595 6.86943 1
11.8525 19.7672 1
6.40894 16.4101 1
17.8187 13.6039 1
16.1827 4.55652 1
4.62014 18.8668 1
9.17283 18.8209 1
3.0345 4.09584 1
0.584994 15.5276 1
18.3495 7.01279 1
6.01416 1.46385 1
18.1251 17.1226 1
3.21637 12.9006 1
0.629221 12.0415 1
15.7616 19.8459 1
2.95677 11.0092 1
4.86938 4.21948 1
8.78414 18.9881 1
19.9618 14.914 1
1.92063 16.0349 1
5.84735 15.7405 1
17.5983 14.3703 1
19.3043 18.9329 1
1.71283 16.5322 1
1.08191 19.4841 1
3.53319 18.139 1
19.6183 12.6598 1
4.84346 18.5857 1
1.90961 15.9737 1
13.1825 1.53983 1
17.5706 17.5806 1
0.0239456 5.84939 1
1.49771 9.09295 1
2.5628 3.91496 1
12.5872 19.2223 1
19.1832 19.3977 1
1.30621 11.0045 1
1.44448 3.86961 1
18.4299 13.6739 1
10.9373 17.7912 1
0.261981 0.70953 1
1.26698 12.686 1
4.85069 17.9793 1
14.1837 4.354 1
13.1476 3.2743 1
12.2729 1.44961 1
5.86169 17.9353 1
3.70022 19.154 1
2.66315 14.8852 1
18.9808 17.0878 1
3.71455 14.7956 1
17.7314 17.0802 1
2.28043 4.28261 1
0.504409 3.67523 1
12.3506 1.65929 1
1.7912 16.5049 1
2.97335 7.67843 1
7.99989 1.25759 1
1.05526 3.35776 1
1.22219 11.1092 1
12.2857 0.74765 1
5.19949 4.32847 1
12.0268 18.3697 1
7.01935 17.0408 1
13.7015 17.4257 1
15.6477 16.0376 1
16.102 1.16797 1
3.35898 19.9417 1
0.0346319 12.4593 1
11.246 17.4317 1
0.00668634 17.0428 1
2.91001 17.3006 1
18.195 13.3776 1
3.79274 1.96292 1
1.62129 0.728808 1
19.3909 16.3552 1
12.2879 17.1378 1
16.9973 18.9181 1
4.01694 3.56915 1
17.0865 15.8484 1
4.48256 19.5409 1
12.0038 1.95193 1
17.0498 16.3903 1
17.0552 18.6886 1
13.4498 0.705341 1
7.12401 0.585502 1
1.74744 2.91631 1
3.25943 13.8004 1
19.2924 3.87135 1
17.3015 2.23522 1
18.4147 8.05597 1
11.9273 0.680022 1
3.98287 14.6279 1
1.23437 7.08983 1
8.53311 2.84856 1
16.5957 19.4817 1
8.52195 18.9688 1
2.31376 19.1749 1
19.9284 18.4753 1
0.73331 2.86334 1
2.93534 14.2044 1
7.18681 3.1497 1
18.7657 14.7982 1
18.8587 3.86654 1
5.06888 19.18 1
19.1477 1.46196 1
8.08388 18.4373 1
9.87144 2.32739 1
15.8747 0.257413 1
4.39664 2.54383 1
2.79509 1.55373 1
19.7835 8.91627 1
7.61501 17.3721 1
1.12401 1.99597 1
2.60948 2.18928 1
0.28287 12.4918 1
16.633 3.96987 1
18.7823 18.9267 1
9.29332 17.3738 1
17.9837 7.27782 1
19.6149 19.9768 1
18.2562 2.70741 1
8.74159 17.5483 1
0.946522 11.9515 1
2.01482 8.15806 1
5.82686 0.309368 1
5.19179 2.36322 1
3.20381 19.6714 1
3.04928 3.48659 1
13.7741 15.9996 1
8.64947 16.9977 1
2.71533 10.8517 1
14.1702 18.9434 1
6.48728 17.8565 1
9.56516 17.6209 1
1.53938 2.43673 1
4.73311 16.9244 1
15.1616 3.6471 1
6.37996 3.33504 1
12.903 16.6527 1
19.6786 16.6138 1
0.656863 9.50457 1
17.8336 6.96122 1
6.54255 1.47169 1
17.7457 1.08829 1
9.36708 2.9279 1
1.68863 2.87308 1
8.01672 1.60004 1
2.71015 8.56613 1
10.116 2.80939 1
4.156 5.55203 1
5.54853 4.43609 1
18.0296 9.12673 1
3.95534 13.6787 1
4.70923 19.7093 1
2.7643 18.0952 1
3.22215 14.8336 1
7.97457 1.29206 1
1.26836 4.57788 1
1.60769 0.415319 1
11.8178 0.635913 1
2.47378 19.9813 1
3.25975 1.15778 1
6.27574 1.95387 1
13.3318 16.3821 1
0.276814 13.0344 1
4.7425 2.37207 1
17.2493 14.3607 1
11.356 17.8752 1
4.28119 18.8453 1
17.9664 0.185015 1
16.6929 3.31706 1
18.4754 15.0579 1
1.73284 11.5511 1
1.23992 9.51921 1
12.9525 16.7412 1
3.2125 18.0528 1
17.5969 5.77162 1
17.4814 18.2702 1
16.6592 12.4591 1
1.31449 15.2214 1
15.7385 4.41555 1
16.7844 1.81444 1
6.91096 2.09931 1
19.6517 9.58272 1
16.6545 5.88976 1
12.0268 17.83 1
0.26514 5.12446 1
1.45437 13.6809 1
19.3128 7.40572 1
1.21241 12.6136 1
13.391 17.6184 1
4.32404 18.5282 1
16.0753 0.552955 1
19.0534 13.3821 1
3.17582 1.04951 1
2.41694 14.695 1
2.18621 8.35132 1
2.83996 12.4254 1
19.3412 5.15804 1
11.1385 19.5295 1
8.97264 0.175482 1
8.25178 18.6676 1
17.2669 9.30108 1
17.4758 2.52568 1
15.1283 14.8969 1
10.1129 19.5422 1
19.9222 14.8082 1
18.6726 6.46439 1
17.8547 3.46401 1
14.5768 15.9111 1
3.38671 0.283246 1
0.0191264 3.08037 1
17.3714 12.6157 1
18.3102 5.20416 1
9.29315 1.73701 1
3.33587 5.50305 1
17.4012 8.68821 1
7.10108 2.16069 1
3.71235 16.3017 1
5.53272 3.37165 1
3.01633 15.1835 1
0.184918 18.537 1
3.91869 4.08128 1
16.8992 4.78172 1
1.01245 15.2433 1
5.76485 19.702 1
3.6109 2.29684 1
18.0043 10.6987 1
2.59532 16.9193 1
15.5596 3.97052 1
9.59906 18.4252 1
2.92484 17.1083 1
4.05229 2.99227 1
17.1037 3.04002 1
12.9809 18.0968 1
7.99391 1.29069 1
17.5319 15.554 1
15.9646 19.0309 1
16.2179 6.65246 1
15.48 15.4277 1
12.6798 0.14173 1
1.4612 12.4643 1
19.7544 6.9053 1
5.04449 14.9749 1
3.43264 4.9765 1
19.0293 2.27652 1
1.76749 3.1935 1
0.856319 15.6441 1
1.22304 1.6235 1
16.7478 0.961501 1
17.7737 1.18202 1
1.65598 2.67892 1
9.62479 19.0268 1
19.0414 9.48769 1
9.44837 1.09802 1
11.3918 2.17017 1
5.65781 0.0624733 1
3.02864 4.54349 1
3.00739 2.82531 1
0.898523 10.4336 1
19.8834 14.2518 1
9.80972 0.316442 1
17.0466 14.8961 1
1.51822 16.3122 1
0.219065 5.63413 1
14.8136 18.4255 1
3.31601 12.2723 1
13.4552 18.0616 1
19.4688 16.3297 1
17.3142 1.0598 1
10.297 2.66082 1
0.89014 3.60792 1
6.54569 17.987 1
1.91175 4.27832 1
5.80261 16.1741 1
0.100165 7.36225 1
19.7466 2.50793 1
17.1861 9.01566 1
15.4466 16.963 1
8.55516 1.61081 1
19.3998 0.203372 1
15.0451 0.785428 1
18.3971 19.2453 1
0.705295 11.505 1
4.0837 18.9512 1
12.4507 17.3019 1
19.8553 18.7767 1
16.9323 15.9533 1
14.8992 15.4505 1
5.00682 15.3817 1
19.2823 4.00472 1
1.22308 5.80295 1
19.1567 19.1295 1
19.8003 13.6551 1
0.236776 15.34 1
1.46832 3.18612 1
16.5855 17.0986 1
19.7013 19.2365 1
16.5925 4.71507 1
16.9365 4.94993 1
18.1937 10.3264 1
7.57879 17.0396 1
5.81317 2.96186 1
17.3449 18.1164 1
13.9067 2.53834 1
12.843 0.62593 1
3.54105 16.6395 1
16.1337 5.24674 1
8.59549 19.8268 1
17.6195 8.47187 1
5.04759 3.78118 1
8.26899 17.0222 1
1.29489 4.95307 1
0.611354 3.02818 1
12.0235 19.732 1
15.0366 0.497098 1
12.6807 2.34184 1
18.7649 10.5499 1
11.1986 1.69141 1
13.4337 16.6956 1
12.4695 16.7994 1
4.86889 15.4778 1
17.3958 4.86518 1
13.103 18.501 1
16.6461 4.40145 1
18.5118 0.55948 1
1.72192 18.3027 1
13.643 1.56799 1
18.4542 1.43576 1
14.5355 17.1241 1
7.89438 2.92562 1
18.8706 6.64417 1
18.2602 18.5123 1
18.8321 15.0792 1
0.811676 9.90275 1
17.2276 19.5234 1
18.3789 8.59843 1
14.8528 3.07841 1
12.5346 19.6421 1
6.63267 2.62962 1
19.1219 4.04313 1
6.60736 16.197 1
12.0774 19.1298 1
18.7687 10.2538 1
0.905145 0.5173 1
11.994 2.68464 1
2.96287 11.1895 1
16.2342 14.6716 1
9.51877 2.38916 1
2.5759 1.47946 1
1.79452 1.89429 1
17.7412 16.9908 1
17.0258 12.8494 1
8.72518 2.7894 1
14.9434 18.1915 1
17.8198 18.2699 1
3.52469 6.87804 1
17.8434 1.87542 1
1.62388 7.98301 1
3.98664 19.4644 1
15.0088 0.537091 1
10.181 1.10417 1
9.81817 2.84375 1
13.4882 3.59296 1
0.111016 1.08085 1
16.7 5.79174 1
2.70174 17.1954 1
1.07924 1.92055 1
14.4719 19.6626 1
4.67141 16.765 1
19.0559 8.528 1
3.2901 16.3673 1
14.2464 18.3768 1
3.38722 12.7084 1
18.9486 9.12008 1
0.433951 18.5643 1
16.176 5.70996 1
1.63962 8.11755 1
12.4195 0.859982 1
19.7594 2.19834 1
10.129 2.48587 1
19.942 15.5657 1
2.52229 10.0704 1
18.4581 8.1955 1
18.8476 0.112243 1
14.4461 3.90326 1
2.98069 2.60682 1
12.7628 18.5091 1
19.8406 19.3647 1
6.18308 18.3375 1
18.5071 14.9021 1
1.85046 7.64211 1
18.2166 3.46108 1
16.372 3.06011 1
18.7077 12.7397 1
5.86087 17.522 1
18.0334 5.25502 1
18.5852 10.999 1
18.8385 17.8005 1
19.7796 8.29377 1
12.0507 17.0458 1
18.6646 6.6524 1
16.935 4.2382 1
17.2332 1.77151 1
5.18644 18.3187 1
11.4009 19.1138 1
3.35895 17.2191 1
17.2864 1.5446 1
9.50548 19.5644 1
18.1929 17.4927 1
12.6417 1.80759 1
10.7366 0.506396 1
19.3802 1.02135 1
19.9073 15.5777 1
16.6125 2.87662 1
1.26518 6.7687 1
4.08037 5.16225 1
12.6452 0.0734686 1
19.4129 17.8446 1
17.2622 14.9293 1
6.09419 19.3306 1
6.65563 1.4293 1
17.9347 2.09288 1
1.14804 6.9303 1
16.2107 15.1468 1
19.7934 8.93209 1
10.6635 2.47287 1
1.90553 11.4917 1
14.0057 16.3903 1
8.32332 18.5323 1
3.29177 1.47903 1
14.7216 15.6726 1
0.509342 7.48716 1
14.4543 16.4756 1
15.6755 14.7491 1
11.471 1.44501 1
7.43822 1.46971 1
11.813 0.0131949 1
2.36121 5.02556 1
2.91367 7.82567 1
19.9234 8.51862 1
11.4591 2.74225 1
14.7781 2.2552 1
15.6163 3.3199 1
4.28919 5.06733 1
10.1237 2.94991 1
17.6123 12.3264 1
9.37782 19.5371 1
1.85561 6.60254 1
2.19092 7.08411 1
18.6824 15.6957 1
17.6043 18.7449 1
10.4841 2.90025 1
6.53526 0.87777 1
15.0315 19.9356 1
2.49758 4.1449 1
18.0177 8.53666 1
1.45009 17.6525 1
10.1745 2.96337 1
8.30367 1.3645 1
19.3017 7.42949 1
16.4102 1.05255 1
6.67688 19.4646 1
9.29644 1.20891 1
6.80395 19.3185 1
17.2662 1.85557 1
5.26834 2.55181 1
10.6452 17.5214 1
18.2516 7.06602 1
2.21944 19.6803 1
3.43338 18.4622 1
4.5862 16.6577 1
6.24743 2.15868 1
18.9106 2.17419 1
2.79366 14.8019 1
1.43545 13.6196 1
12.4631 3.08519 1
17.6793 9.86423 1
17.5032 14.5248 1
13.9853 1.80544 1
16.4737 2.02381 1
2.36732 15.7797 1
2.69023 14.7387 1
16.8059 2.05663 1
2.10354 3.14812 1
0.598152 5.83474 1
17.4668 10.4562 1
2.08671 14.658 1
3.55413 2.60738 1
15.1374 18.7966 1
1.278 2.19698 1
3.13047 12.2867 1
18.2353 17.6918 1
17.7785 13.5102 1
4.99239 18.5181 1
16.9394 16.961 1
15.1631 1.06711 1
5.26366 15.9916 1
3.90476 4.11843 1
19.595 6.86943 1
11.8525 19.7672 1
6.40894 16.4101 1
17.8187 13.6039 1
16.1827 4.55652 1
4.62014 18.8668 1
9.17283 18.8209 1
3.0345 4.09584 1
0.584994 15.5276 1
18.3495 7.01279 1
6.01416 1.46385 1
18.1251 17.1226 1
3.21637 12.9006 1
0.629221 12.0415 1
15.7616 19.8459 1
2.95677 11.0092 1
4.86938 4.21948 1
8.78414 18.9881 1
19.9618 14.914 1
1.92063 16.0349 1
5.84735 15.7405 1
17.5983 14.3703 1
19.3043 18.9329 1
1.71283 16.5322 1
1.08191 19.4841 1
3.53319 18.139 1
19.6183 12.6598 1
4.84346 18.5857 1
1.90961 15.9737 1
13.1825 1.53983 1
17.5706 17.5806 1
0.0239456 5.84939 1
1.49771 9.09295 1
2.5628 3.91496 1
12.5872 19.2223 1
19.1832 19.3977 1
1.30621 11.0045 1
1.44448 3.86961 1
18.4299 13.6739 1
10.9373 17.7912 1
0.261981 0.70953 1
1.26698 12.686 1
4.85069 17.9793 1
14.1837 4.354 1
13.1476 3.2743 1
12.2729 1.44961 1
5.86169 17.9353 1
3.70022 19.154 1
2.66315 14.8852 1
18.9808 17.0878 1
3.71455 14.7956 1
17.7314 17.0802 1
2.28043 4.28261 1
0.504409 3.67523 1
12.3506 1.65929 1
1.7912 16.5049 1
2.97335 7.67843 1
7.99989 1.25759 1
1.05526 3.35776 1
1.22219 11.1092 1
12.2857 0.74765 1
5.19949 4.32847 1
12.0268 18.3697 1
7.01935 17.0408 1
13.7015 17.4257 1
15.6477 16.0376 1
16.102 1.16797 1
3.35898 19.9417 1
0.0346319 12.4593 1
11.246 17.4317 1
0.00668634 17.0428 1
2.91001 17.3006 1
18.195 13.3776 1
3.79274 1.96292 1
1.62129 0.728808 1
19.3909 16.3552 1
12.2879 17.1378 1
16.9973 18.9181 1
4.01694 3.56915 1
17.0865 15.8484 1
4.48256 19.5409 1
12.0038 1.95193 1
17.0498 16.3903 1
17.0552 18.6886 1
13.4498 0.705341 1
7.12401 0.585502 1
1.74744 2.91631 1
3.25943 13.8004 1
19.2924 3.87135 1
17.3015 2.23522 1
18.4147 8.05597 1
11.9273 0.680022 1
3.98287 14.6279 1
1.23437 7.08983 1
8.53311 2.84856 1
16.5957 19.4817 1
8.52195 18.9688 1
2.31376 19.1749 1
19.9284 18.4753 1
0.73331 2.86334 1
2.93534 14.2044 1
7.18681 3.1497 1
18.7657 14.7982 1
18.8587 3.86654 1
5.06888 19.18 1
19.1477 1.46196 1
8.08388 18.4373 1
9.87144 2.32739 1
15.8747 0.257413 1
4.39664 2.54383 1
2.79509 1.55373 1
19.7835 8.91627 1
7.61501 17.3721 1
1.12401 1.99597 1
2.60948 2.18928 1
0.28287 12.4918 1
16.633 3.96987 1
18.7823 18.9267 1
9.29332 17.3738 1
17.9837 7.27782 1
19.6149 19.9768 1
18.2562 2.70741 1
8.74159 17.5483 1
0.946522 11.9515 1
2.01482 8.15806 1
5.82686 0.309368 1
5.19179 2.36322 1
3.20381 19.6714 1
3.04928 3.48659 1
13.7741 15.9996 1
8.64947 16.9977 1
2.71533 10.8517 1
14.1702 18.9434 1
6.48728 17.8565 1
9.56516 17.6209 1
1.53938 2.43673 1
4.73311 16.9244 1
15.1616 3.6471 1
6.37996 3.33504 1
12.903 16.6527 1
19.6786 16.6138 1
0.656863 9.50457 1
17.8336 6.96122 1
6.54255 1.47169 1
17.7457 1.08829 1
9.36708 2.9279 1
1.68863 2.87308 1
8.01672 1.60004 1
2.71015 8.56613 1
10.116 2.80939 1
4.156 5.55203 1
5.54853 4.43609 1
18.0296 9.12673 1
3.95534 13.6787 1
4.70923 19.7093 1
2.7643 18.0952 1
3.22215 14.8336 1
7.97457 1.29206 1
1.26836 4.57788 1
1.60769 0.415319 1
11.8178 0.635913 1
2.47378 19.9813 1
3.25975 1.15778 1
6.27574 1.95387 1
13.3318 16.3821 1
0.276814 13.0344 1
4.7425 2.37207 1
17.2493 14.3607 1
11.356 17.8752 1
4.28119 18.8453 1
17.9664 0.185015 1
16.6929 3.31706 1
18.4754 15.0579 1
1.73284 11.5511 1
1.23992 9.51921 1
12.9525 16.7412 1
3.2125 18.0528 1
17.5969 5.77162 1
17.4814 18.2702 1
16.6592 12.4591 1
1.31449 15.2214 1
15.7385 4.41555 1
16.7844 1.81444 1
6.91096 2.09931 1
19.6517 9.58272 1
16.6545 5.88976 1
12.0268 17.83 1
0.26514 5.12446 1
1.45437 13.6809 1
19.3128 7.40572 1
1.21241 12.6136 1
13.391 17.6184 1
4.32404 18.5282 1
16.0753 0.552955 1
19.0534 13.3821 1
3.17582 1.04951 1
2.41694 14.695 1
2.18621 8.35132 1
2.83996 12.4254 1
19.3412 5.15804 1
11.1385 19.5295 1
8.97264 0.175482 1
8.25178 18.6676 1
17.2669 9.30108 1
17.4758 2.52568 1
15.1283 14.8969 1
10.1129 19.5422 1
19.9222 14.8082 1
18.6726 6.46439 1
17.8547 3.46401 1
14.5768 15.9111 1
3.38671 0.283246 1
0.0191264 3.08037 1
17.3714 12.6157 1
18.3102 5.20416 1
9.29315 1.73701 1
16.2179 6.65246 1
10.297 2.66082 1
3.52469 6.87804 1
9.81817 2.84375 1
13.4882 3.59296 1
11.4591 2.74225 1
10.1237 2.94991 1
10.4841 2.90025 1
10.1745 2.96337 1
12.4631 3.08519 1
4.83045 14.6437 1
14.1837 4.354 1
13.1476 3.2743 1
8.64947 16.9977 1
9.36708 2.9279 1
10.116 2.80939 1
5.54853 4.43609 1
16.6592 12.4591 1
15.1283 14.8969 1
16.2179 6.65246 1
9.91633 16.8976 1
9.67189 16.8367 1
9.98729 16.8572 1
5.02087 5.30679 1
3.84938 13.16 1
3.50999 7.61261 1
10.4711 3.02105 1
4.83045 14.6437 1
3.35119 12.0001 1
14.1837 4.354 1
5.50297 4.91921 1
16.6592 12.4591 1
9.08681 16.7205 1
9.13782 16.7707 1
5.50237 5.06009 1
3.35976 7.95846 1
16.2179 6.65246 1
10.297 2.66082 1
3.52469 6.87804 1
9.81817 2.84375 1
13.4882 3.59296 1
11.4591 2.74225 1
10.1237 2.94991 1
10.4841 2.90025 1
10.1745 2.96337 1
12.4631 3.08519 1
4.83045 14.6437 1
14.1837 4.354 1
13.1476 3.2743 1
8.64947 16.9977 1
9.36708 2.9279 1
10.116 2.80939 1
5.54853 4.43609 1
16.6592 12.4591 1
15.1283 14.8969 1
17.4012 8.68821 1
16.2179 6.65246 1
15.48 15.4277 1
5.04449 14.9749 1
3.31601 12.2723 1
5.80261 16.1741 1
17.1861 9.01566 1
12.4507 17.3019 1
14.8992 15.4505 1
5.00682 15.3817 1
7.57879 17.0396 1
16.1337 5.24674 1
8.26899 17.0222 1
13.4337 16.6956 1
12.4695 16.7994 1
4.86889 15.4778 1
7.89438 2.92562 1
6.60736 16.197 1
2.96287 11.1895 1
16.2342 14.6716 1
17.0258 12.8494 1
8.72518 2.7894 1
3.52469 6.87804 1
9.81817 2.84375 1
13.4882 3.59296 1
3.38722 12.7084 1
16.176 5.70996 1
2.52229 10.0704 1
14.4461 3.90326 1
12.0507 17.0458 1
14.0057 16.3903 1
14.7216 15.6726 1
14.4543 16.4756 1
15.6755 14.7491 1
2.91367 7.82567 1
10.1237 2.94991 1
10.4841 2.90025 1
10.1745 2.96337 1
12.4631 3.08519 1
17.4668 10.4562 1
3.13047 12.2867 1
5.26366 15.9916 1
6.40894 16.4101 1
3.21637 12.9006 1
2.95677 11.0092 1
5.84735 15.7405 1
14.1837 4.354 1
13.1476 3.2743 1
3.71455 14.7956 1
2.97335 7.67843 1
5.19949 4.32847 1
12.2879 17.1378 1
3.25943 13.8004 1
3.98287 14.6279 1
8.53311 2.84856 1
7.18681 3.1497 1
13.7741 15.9996 1
8.64947 16.9977 1
2.71533 10.8517 1
12.903 16.6527 1
9.36708 2.9279 1
2.71015 8.56613 1
10.116 2.80939 1
4.156 5.55203 1
5.54853 4.43609 1
3.95534 13.6787 1
13.3318 16.3821 1
12.9525 16.7412 1
16.6592 12.4591 1
16.6545 5.88976 1
2.83996 12.4254 1
17.2669 9.30108 1
15.1283 14.8969 1
14.5768 15.9111 1
16.2179 6.65246 1
10.297 2.66082 1
3.52469 6.87804 1
9.81817 2.84375 1
13.4882 3.59296 1
11.4591 2.74225 1
10.1237 2.94991 1
10.4841 2.90025 1
10.1745 2.96337 1
12.4631 3.08519 1
4.83045 14.6437 1
14.1837 4.354 1
13.1476 3.2743 1
8.64947 16.9977 1
9.36708 2.9279 1
10.116 2.80939 1
5.54853 4.43609 1
16.6592 12.4591 1
15.1283 14.8969 1
